16,6250000,0.058,3.429
16,6250000,0.058,3.433
16,6250000,0.058,3.434
16,6250000,0.058,3.422
32,3125000,0.037,5.387
32,3125000,0.037,5.411
32,3125000,0.037,5.411
48,2083333,0.028,7.216
64,1562500,0.025,8.114
64,1562500,0.025,8.118
80,1250000,0.022,9.295
96,1041666,0.021,9.732
112,892857,0.019,10.588
144,694444,0.028,7.100
160,625000,0.027,7.421
192,520833,0.024,8.301
224,446428,0.025,8.107
272,367647,0.018,11.113
320,312500,0.018,11.113
384,260416,0.021,9.324
448,223214,0.022,9.223
528,189393,0.020,9.787
624,160256,0.020,10.039
736,135869,0.022,9.245
864,115740,0.020,10.237
1008,99206,0.038,5.263
1200,83333,0.020,9.866
1408,71022,0.043,4.691
1648,60679,0.051,3.921
1936,51652,0.047,4.242
2288,43706,0.045,4.489
2688,37202,0.044,4.502
3152,31725,0.043,4.598
3712,26939,0.044,4.569
4352,22977,0.045,4.475
5120,19531,0.046,4.389
6016,16622,0.044,4.546
7072,14140,0.047,4.260
8304,12042,0.051,3.956
9760,10245,0.053,3.740
11472,8716,0.063,3.178
13488,7413,0.071,2.820
15840,6313,0.080,2.486
18608,5374,0.082,2.430
21872,4572,0.082,2.443
25696,3891,0.084,2.371
30192,3312,0.085,2.361
35472,2819,0.084,2.388
41680,2399,0.084,2.393
48976,2041,0.084,2.393
57536,1738,0.084,2.386
67600,1479,0.084,2.393
79424,1259,0.084,2.393
93312,1071,0.084,2.393
109632,912,0.084,2.385
128816,776,0.084,2.386
151344,660,0.084,2.388
177824,562,0.085,2.347
208928,478,0.084,2.375
245456,407,0.084,2.373
288400,346,0.084,2.373
338832,295,0.085,2.366
398096,251,0.084,2.384
467728,213,0.083,2.390
549536,181,0.083,2.390
645648,154,0.083,2.389
758576,131,0.083,2.384
891248,112,0.086,2.328
1047120,95,0.090,2.217
1230256,81,0.103,1.937
1445424,69,0.116,1.716
1698240,58,0.142,1.384
1995248,50,0.175,1.138
2344224,42,0.196,1.007
2754224,36,0.221,0.897
3235936,30,0.205,0.946
3801888,26,0.209,0.947
4466832,22,0.206,0.952
5248064,19,0.210,0.952
6165936,16,0.209,0.943
7244352,13,0.198,0.952
8511376,11,0.206,0.911
10000000,10,0.211,0.948
16,6250000,0.053,3.795
16,6250000,0.053,3.796
16,6250000,0.053,3.797
16,6250000,0.053,3.797
32,3125000,0.033,5.985
32,3125000,0.034,5.969
32,3125000,0.033,5.985
48,2083333,0.025,8.004
64,1562500,0.022,8.971
64,1562500,0.022,8.972
80,1250000,0.019,10.277
96,1041666,0.019,10.772
112,892857,0.017,11.699
144,694444,0.025,7.862
160,625000,0.024,8.274
192,520833,0.022,9.184
224,446428,0.022,8.965
272,367647,0.016,12.313
320,312500,0.016,12.290
384,260416,0.019,10.365
448,223214,0.020,10.176
528,189393,0.019,10.789
624,160256,0.018,11.070
736,135869,0.020,10.231
864,115740,0.018,11.354
1008,99206,0.034,5.817
1200,83333,0.018,10.893
1408,71022,0.023,8.888
1648,60679,0.041,4.858
1936,51652,0.042,4.799
2288,43706,0.040,4.954
2688,37202,0.040,4.988
3152,31725,0.039,5.092
3712,26939,0.040,5.030
4352,22977,0.040,4.942
5120,19531,0.041,4.901
6016,16622,0.041,4.916
7072,14140,0.045,4.422
8304,12042,0.045,4.411
9760,10245,0.052,3.825
11472,8716,0.057,3.483
13488,7413,0.063,3.176
15840,6313,0.071,2.824
18608,5374,0.078,2.574
21872,4572,0.079,2.521
25696,3891,0.079,2.521
30192,3312,0.079,2.525
35472,2819,0.079,2.523
41680,2399,0.079,2.524
48976,2041,0.079,2.524
57536,1738,0.079,2.526
67600,1479,0.079,2.525
79424,1259,0.079,2.524
93312,1071,0.079,2.528
109632,912,0.079,2.526
128816,776,0.079,2.528
151344,660,0.079,2.528
177824,562,0.079,2.524
208928,478,0.079,2.526
245456,407,0.079,2.531
288400,346,0.079,2.530
338832,295,0.079,2.517
398096,251,0.079,2.529
467728,213,0.079,2.529
549536,181,0.079,2.521
645648,154,0.080,2.487
758576,131,0.084,2.367
891248,112,0.101,1.968
1047120,95,0.172,1.160
1230256,81,0.183,1.086
1445424,69,0.194,1.027
1698240,58,0.204,0.967
1995248,50,0.210,0.951
2344224,42,0.208,0.945
2754224,36,0.209,0.951
3235936,30,0.202,0.960
3801888,26,0.211,0.939
4466832,22,0.204,0.966
5248064,19,0.207,0.963
6165936,16,0.205,0.962
7244352,13,0.197,0.954
8511376,11,0.196,0.955
10000000,10,0.208,0.963
16,6250000,0.053,3.795
16,6250000,0.053,3.796
16,6250000,0.053,3.794
16,6250000,0.053,3.797
32,3125000,0.033,5.984
32,3125000,0.033,5.978
32,3125000,0.033,5.977
48,2083333,0.025,8.004
64,1562500,0.022,8.973
64,1562500,0.022,8.989
80,1250000,0.019,10.276
96,1041666,0.019,10.763
112,892857,0.017,11.690
144,694444,0.025,7.861
160,625000,0.024,8.300
192,520833,0.022,9.164
224,446428,0.022,8.961
272,367647,0.016,12.282
320,312500,0.016,12.288
384,260416,0.019,10.341
448,223214,0.020,10.146
528,189393,0.019,10.780
624,160256,0.018,11.052
736,135869,0.020,10.238
864,115740,0.018,11.341
1008,99206,0.034,5.815
1200,83333,0.018,10.952
1408,71022,0.022,8.917
1648,60679,0.042,4.810
1936,51652,0.042,4.806
2288,43706,0.040,4.999
2688,37202,0.040,4.969
3152,31725,0.039,5.084
3712,26939,0.040,5.025
4352,22977,0.040,4.967
5120,19531,0.042,4.756
6016,16622,0.043,4.677
7072,14140,0.050,4.018
8304,12042,0.058,3.452
9760,10245,0.060,3.322
11472,8716,0.061,3.272
13488,7413,0.060,3.317
15840,6313,0.068,2.934
18608,5374,0.079,2.540
21872,4572,0.080,2.508
25696,3891,0.080,2.515
30192,3312,0.079,2.517
35472,2819,0.080,2.515
41680,2399,0.080,2.514
48976,2041,0.079,2.516
57536,1738,0.079,2.517
67600,1479,0.079,2.519
79424,1259,0.079,2.518
93312,1071,0.079,2.519
109632,912,0.079,2.519
128816,776,0.079,2.520
151344,660,0.079,2.520
177824,562,0.079,2.518
208928,478,0.079,2.519
245456,407,0.079,2.520
288400,346,0.079,2.522
338832,295,0.080,2.510
398096,251,0.079,2.522
467728,213,0.079,2.519
549536,181,0.079,2.503
645648,154,0.085,2.351
758576,131,0.100,1.985
891248,112,0.116,1.715
1047120,95,0.161,1.237
1230256,81,0.215,0.925
1445424,69,0.191,1.045
1698240,58,0.201,0.982
1995248,50,0.208,0.961
2344224,42,0.207,0.950
2754224,36,0.209,0.951
3235936,30,0.202,0.961
3801888,26,0.210,0.940
4466832,22,0.203,0.969
5248064,19,0.206,0.970
6165936,16,0.205,0.962
7244352,13,0.196,0.962
8511376,11,0.195,0.960
10000000,10,0.209,0.957
16,6250000,0.050,4.010
16,6250000,0.049,4.048
16,6250000,0.050,4.019
16,6250000,0.049,4.045
32,3125000,0.031,6.370
32,3125000,0.031,6.371
32,3125000,0.031,6.382
48,2083333,0.024,8.414
64,1562500,0.021,9.546
64,1562500,0.021,9.552
80,1250000,0.018,10.886
96,1041666,0.017,11.469
112,892857,0.016,12.457
144,694444,0.024,8.386
160,625000,0.023,8.818
192,520833,0.020,9.793
224,446428,0.021,9.562
272,367647,0.015,13.069
320,312500,0.015,13.122
384,260416,0.019,10.772
448,223214,0.018,10.827
528,189393,0.017,11.434
624,160256,0.017,11.814
736,135869,0.018,10.915
864,115740,0.017,12.103
1008,99206,0.032,6.201
1200,83333,0.017,11.641
1408,71022,0.021,9.658
1648,60679,0.038,5.231
1936,51652,0.039,5.145
2288,43706,0.037,5.344
2688,37202,0.037,5.384
3152,31725,0.037,5.384
3712,26939,0.037,5.427
4352,22977,0.038,5.307
5120,19531,0.038,5.229
6016,16622,0.037,5.428
7072,14140,0.037,5.397
8304,12042,0.037,5.347
9760,10245,0.041,4.912
11472,8716,0.049,4.079
13488,7413,0.058,3.475
15840,6313,0.071,2.806
18608,5374,0.076,2.644
21872,4572,0.076,2.618
25696,3891,0.076,2.647
30192,3312,0.076,2.645
35472,2819,0.075,2.651
41680,2399,0.075,2.650
48976,2041,0.075,2.651
57536,1738,0.075,2.651
67600,1479,0.076,2.634
79424,1259,0.075,2.653
93312,1071,0.075,2.651
109632,912,0.075,2.650
128816,776,0.076,2.639
151344,660,0.075,2.647
177824,562,0.076,2.644
208928,478,0.075,2.652
245456,407,0.075,2.650
288400,346,0.075,2.653
338832,295,0.075,2.653
398096,251,0.076,2.645
467728,213,0.075,2.654
549536,181,0.075,2.640
645648,154,0.075,2.651
758576,131,0.075,2.643
891248,112,0.076,2.635
1047120,95,0.076,2.631
1230256,81,0.080,2.504
1445424,69,0.104,1.909
1698240,58,0.147,1.342
1995248,50,0.183,1.089
2344224,42,0.194,1.012
2754224,36,0.201,0.989
3235936,30,0.203,0.958
3801888,26,0.204,0.970
4466832,22,0.197,0.996
5248064,19,0.201,0.991
6165936,16,0.197,1.001
7244352,13,0.189,0.995
8511376,11,0.199,0.942
10000000,10,0.202,0.992
16,6250000,0.058,3.429
16,6250000,0.059,3.395
16,6250000,0.058,3.434
16,6250000,0.059,3.371
32,3125000,0.037,5.410
32,3125000,0.037,5.410
32,3125000,0.037,5.411
48,2083333,0.028,7.235
64,1562500,0.025,8.115
64,1562500,0.025,8.116
80,1250000,0.022,9.298
96,1041666,0.021,9.700
112,892857,0.019,10.595
144,694444,0.028,7.087
160,625000,0.027,7.503
192,520833,0.024,8.313
224,446428,0.025,8.123
272,367647,0.018,11.048
320,312500,0.018,11.058
384,260416,0.021,9.308
448,223214,0.022,9.202
528,189393,0.020,9.773
624,160256,0.020,10.036
736,135869,0.022,9.263
864,115740,0.019,10.265
1008,99206,0.038,5.267
1200,83333,0.020,9.877
1408,71022,0.025,8.143
1648,60679,0.045,4.413
1936,51652,0.046,4.309
2288,43706,0.044,4.495
2688,37202,0.044,4.535
3152,31725,0.043,4.631
3712,26939,0.043,4.603
4352,22977,0.045,4.439
5120,19531,0.045,4.467
6016,16622,0.044,4.510
7072,14140,0.045,4.476
8304,12042,0.048,4.136
9760,10245,0.051,3.931
11472,8716,0.058,3.471
13488,7413,0.069,2.917
15840,6313,0.073,2.752
18608,5374,0.084,2.371
21872,4572,0.084,2.391
25696,3891,0.084,2.387
30192,3312,0.084,2.392
35472,2819,0.084,2.393
41680,2399,0.084,2.387
48976,2041,0.084,2.373
57536,1738,0.085,2.364
67600,1479,0.084,2.393
79424,1259,0.084,2.393
93312,1071,0.084,2.392
109632,912,0.084,2.392
128816,776,0.084,2.393
151344,660,0.083,2.394
177824,562,0.083,2.395
208928,478,0.083,2.394
245456,407,0.083,2.393
288400,346,0.084,2.367
338832,295,0.085,2.361
398096,251,0.084,2.389
467728,213,0.083,2.390
549536,181,0.083,2.389
645648,154,0.084,2.366
758576,131,0.086,2.317
891248,112,0.091,2.184
1047120,95,0.114,1.751
1230256,81,0.172,1.159
1445424,69,0.125,1.602
1698240,58,0.145,1.355
1995248,50,0.174,1.148
2344224,42,0.192,1.026
2754224,36,0.206,0.965
3235936,30,0.204,0.953
3801888,26,0.207,0.953
4466832,22,0.209,0.940
5248064,19,0.209,0.952
6165936,16,0.207,0.953
7244352,13,0.198,0.953
8511376,11,0.199,0.943
10000000,10,0.211,0.948
16,6250000,0.058,3.432
16,6250000,0.058,3.435
16,6250000,0.058,3.434
16,6250000,0.058,3.434
32,3125000,0.037,5.412
32,3125000,0.037,5.411
32,3125000,0.037,5.412
48,2083333,0.028,7.239
64,1562500,0.025,8.120
64,1562500,0.025,8.118
80,1250000,0.022,9.298
96,1041666,0.021,9.744
112,892857,0.019,10.594
144,694444,0.028,7.113
160,625000,0.027,7.504
192,520833,0.024,8.312
224,446428,0.025,8.099
272,367647,0.018,11.119
320,312500,0.018,11.128
384,260416,0.021,9.336
448,223214,0.022,9.202
528,189393,0.020,9.779
624,160256,0.020,10.032
736,135869,0.022,9.265
864,115740,0.019,10.260
1008,99206,0.038,5.266
1200,83333,0.020,9.873
1408,71022,0.024,8.259
1648,60679,0.046,4.355
1936,51652,0.047,4.269
2288,43706,0.045,4.466
2688,37202,0.044,4.508
3152,31725,0.043,4.606
3712,26939,0.044,4.526
4352,22977,0.045,4.459
5120,19531,0.048,4.169
6016,16622,0.048,4.209
7072,14140,0.056,3.600
8304,12042,0.057,3.506
9760,10245,0.054,3.693
11472,8716,0.059,3.384
13488,7413,0.069,2.879
15840,6313,0.076,2.617
18608,5374,0.083,2.405
21872,4572,0.083,2.416
25696,3891,0.086,2.338
30192,3312,0.085,2.339
35472,2819,0.086,2.333
41680,2399,0.086,2.337
48976,2041,0.086,2.338
57536,1738,0.086,2.337
67600,1479,0.086,2.338
79424,1259,0.086,2.338
93312,1071,0.085,2.339
109632,912,0.085,2.339
128816,776,0.085,2.339
151344,660,0.085,2.339
177824,562,0.085,2.339
208928,478,0.085,2.339
245456,407,0.085,2.338
288400,346,0.085,2.336
338832,295,0.086,2.336
398096,251,0.086,2.337
467728,213,0.085,2.337
549536,181,0.085,2.334
645648,154,0.085,2.336
758576,131,0.085,2.333
891248,112,0.086,2.309
1047120,95,0.095,2.098
1230256,81,0.098,2.025
1445424,69,0.117,1.704
1698240,58,0.151,1.307
1995248,50,0.175,1.142
2344224,42,0.195,1.008
2754224,36,0.205,0.965
3235936,30,0.204,0.951
3801888,26,0.208,0.948
4466832,22,0.207,0.949
5248064,19,0.210,0.950
6165936,16,0.208,0.950
7244352,13,0.199,0.949
8511376,11,0.199,0.939
10000000,10,0.211,0.950
16,6250000,0.058,3.424
16,6250000,0.058,3.427
16,6250000,0.058,3.429
16,6250000,0.058,3.439
32,3125000,0.037,5.397
32,3125000,0.037,5.416
32,3125000,0.037,5.453
48,2083333,0.027,7.305
64,1562500,0.024,8.221
64,1562500,0.024,8.264
80,1250000,0.021,9.409
96,1041666,0.020,9.839
112,892857,0.019,10.768
144,694444,0.028,7.165
160,625000,0.026,7.573
192,520833,0.024,8.376
224,446428,0.024,8.204
272,367647,0.018,11.291
320,312500,0.018,11.299
384,260416,0.021,9.498
448,223214,0.021,9.321
528,189393,0.020,9.943
624,160256,0.020,10.150
736,135869,0.021,9.391
864,115740,0.019,10.404
1008,99206,0.038,5.284
1200,83333,0.020,9.935
1408,71022,0.024,8.249
1648,60679,0.045,4.490
1936,51652,0.046,4.380
2288,43706,0.044,4.526
2688,37202,0.044,4.595
3152,31725,0.043,4.661
3712,26939,0.043,4.611
4352,22977,0.047,4.227
5120,19531,0.058,3.471
6016,16622,0.062,3.206
7072,14140,0.068,2.944
8304,12042,0.067,2.980
9760,10245,0.070,2.848
11472,8716,0.069,2.909
13488,7413,0.067,2.977
15840,6313,0.068,2.922
18608,5374,0.085,2.366
21872,4572,0.082,2.433
25696,3891,0.085,2.359
30192,3312,0.087,2.312
35472,2819,0.086,2.328
41680,2399,0.086,2.326
48976,2041,0.086,2.323
57536,1738,0.086,2.327
67600,1479,0.086,2.324
79424,1259,0.086,2.326
93312,1071,0.085,2.342
109632,912,0.085,2.351
128816,776,0.085,2.339
151344,660,0.086,2.334
177824,562,0.086,2.316
208928,478,0.086,2.331
245456,407,0.086,2.325
288400,346,0.086,2.329
338832,295,0.086,2.328
398096,251,0.087,2.309
467728,213,0.088,2.275
549536,181,0.091,2.174
645648,154,0.114,1.745
758576,131,0.206,0.965
891248,112,0.190,1.048
1047120,95,0.222,0.898
1230256,81,0.234,0.853
1445424,69,0.237,0.840
1698240,58,0.229,0.860
1995248,50,0.233,0.856
2344224,42,0.229,0.858
2754224,36,0.232,0.853
3235936,30,0.227,0.856
3801888,26,0.233,0.850
4466832,22,0.229,0.859
5248064,19,0.238,0.839
6165936,16,0.228,0.865
7244352,13,0.217,0.866
8511376,11,0.214,0.876
10000000,10,0.226,0.885
16,6250000,0.058,3.437
16,6250000,0.059,3.405
16,6250000,0.058,3.456
16,6250000,0.058,3.473
32,3125000,0.036,5.492
32,3125000,0.036,5.491
32,3125000,0.037,5.448
48,2083333,0.027,7.307
64,1562500,0.024,8.196
64,1562500,0.024,8.248
80,1250000,0.021,9.433
96,1041666,0.020,9.877
112,892857,0.019,10.777
144,694444,0.028,7.199
160,625000,0.026,7.590
192,520833,0.024,8.401
224,446428,0.024,8.211
272,367647,0.018,11.151
320,312500,0.018,11.130
384,260416,0.021,9.349
448,223214,0.022,9.288
528,189393,0.020,9.918
624,160256,0.020,10.069
736,135869,0.021,9.363
864,115740,0.019,10.370
1008,99206,0.038,5.256
1200,83333,0.020,9.919
1408,71022,0.024,8.372
1648,60679,0.044,4.510
1936,51652,0.045,4.421
2288,43706,0.043,4.622
2688,37202,0.043,4.612
3152,31725,0.043,4.644
3712,26939,0.043,4.641
4352,22977,0.044,4.514
5120,19531,0.045,4.480
6016,16622,0.045,4.430
7072,14140,0.046,4.350
8304,12042,0.048,4.174
9760,10245,0.061,3.275
11472,8716,0.069,2.910
13488,7413,0.073,2.723
15840,6313,0.079,2.543
18608,5374,0.080,2.504
21872,4572,0.086,2.333
25696,3891,0.086,2.319
30192,3312,0.086,2.333
35472,2819,0.086,2.324
41680,2399,0.086,2.326
48976,2041,0.086,2.331
57536,1738,0.086,2.325
67600,1479,0.086,2.330
79424,1259,0.086,2.336
93312,1071,0.085,2.342
109632,912,0.086,2.328
128816,776,0.086,2.331
151344,660,0.086,2.317
177824,562,0.086,2.332
208928,478,0.086,2.327
245456,407,0.086,2.326
288400,346,0.086,2.332
338832,295,0.086,2.317
398096,251,0.087,2.294
467728,213,0.088,2.264
549536,181,0.090,2.200
645648,154,0.118,1.691
758576,131,0.154,1.292
891248,112,0.186,1.072
1047120,95,0.197,1.010
1230256,81,0.229,0.869
1445424,69,0.232,0.858
1698240,58,0.228,0.862
1995248,50,0.232,0.859
2344224,42,0.230,0.855
2754224,36,0.230,0.861
3235936,30,0.225,0.862
3801888,26,0.231,0.858
4466832,22,0.228,0.862
5248064,19,0.228,0.874
6165936,16,0.229,0.861
7244352,13,0.215,0.877
8511376,11,0.211,0.886
10000000,10,0.226,0.887
16,6250000,0.058,3.466
16,6250000,0.057,3.484
16,6250000,0.058,3.461
16,6250000,0.058,3.477
32,3125000,0.036,5.530
32,3125000,0.035,5.693
32,3125000,0.035,5.672
48,2083333,0.026,7.599
64,1562500,0.024,8.453
64,1562500,0.024,8.468
80,1250000,0.021,9.745
96,1041666,0.020,10.215
112,892857,0.018,11.129
144,694444,0.027,7.385
160,625000,0.026,7.813
192,520833,0.023,8.659
224,446428,0.024,8.375
272,367647,0.017,11.627
320,312500,0.017,11.641
384,260416,0.020,9.836
448,223214,0.021,9.637
528,189393,0.019,10.311
624,160256,0.019,10.515
736,135869,0.021,9.626
864,115740,0.019,10.749
1008,99206,0.037,5.451
1200,83333,0.020,10.176
1408,71022,0.023,8.573
1648,60679,0.043,4.651
1936,51652,0.044,4.525
2288,43706,0.042,4.733
2688,37202,0.042,4.744
3152,31725,0.042,4.805
3712,26939,0.042,4.799
4352,22977,0.042,4.714
5120,19531,0.044,4.520
6016,16622,0.045,4.450
7072,14140,0.047,4.242
8304,12042,0.046,4.377
9760,10245,0.049,4.076
11472,8716,0.058,3.454
13488,7413,0.060,3.317
15840,6313,0.074,2.717
18608,5374,0.075,2.657
21872,4572,0.083,2.414
25696,3891,0.085,2.364
30192,3312,0.084,2.370
35472,2819,0.085,2.352
41680,2399,0.085,2.348
48976,2041,0.085,2.356
57536,1738,0.085,2.341
67600,1479,0.085,2.352
79424,1259,0.085,2.366
93312,1071,0.085,2.362
109632,912,0.085,2.366
128816,776,0.084,2.369
151344,660,0.084,2.372
177824,562,0.085,2.362
208928,478,0.084,2.366
245456,407,0.085,2.352
288400,346,0.084,2.369
338832,295,0.085,2.356
398096,251,0.085,2.363
467728,213,0.084,2.363
549536,181,0.085,2.343
645648,154,0.089,2.245
758576,131,0.092,2.163
891248,112,0.176,1.137
1047120,95,0.190,1.045
1230256,81,0.240,0.832
1445424,69,0.221,0.901
1698240,58,0.224,0.880
1995248,50,0.227,0.880
2344224,42,0.226,0.870
2754224,36,0.227,0.875
3235936,30,0.231,0.840
3801888,26,0.235,0.840
4466832,22,0.224,0.878
5248064,19,0.227,0.877
6165936,16,0.229,0.860
7244352,13,0.222,0.849
8511376,11,0.225,0.832
10000000,10,0.237,0.844
16,6250000,0.063,3.155
16,6250000,0.057,3.485
16,6250000,0.058,3.457
16,6250000,0.057,3.483
32,3125000,0.036,5.563
32,3125000,0.035,5.688
32,3125000,0.035,5.681
48,2083333,0.026,7.590
64,1562500,0.024,8.441
64,1562500,0.024,8.472
80,1250000,0.021,9.753
96,1041666,0.020,10.242
112,892857,0.018,11.099
144,694444,0.027,7.379
160,625000,0.026,7.820
192,520833,0.023,8.724
224,446428,0.024,8.351
272,367647,0.017,11.652
320,312500,0.017,11.699
384,260416,0.021,9.651
448,223214,0.021,9.701
528,189393,0.019,10.293
624,160256,0.019,10.556
736,135869,0.021,9.564
864,115740,0.019,10.768
1008,99206,0.037,5.463
1200,83333,0.020,10.189
1408,71022,0.024,8.361
1648,60679,0.043,4.638
1936,51652,0.044,4.574
2288,43706,0.042,4.716
2688,37202,0.042,4.760
3152,31725,0.042,4.802
3712,26939,0.042,4.796
4352,22977,0.042,4.728
5120,19531,0.043,4.626
6016,16622,0.043,4.650
7072,14140,0.043,4.700
8304,12042,0.045,4.406
9760,10245,0.050,4.007
11472,8716,0.052,3.872
13488,7413,0.061,3.301
15840,6313,0.078,2.549
18608,5374,0.083,2.404
21872,4572,0.085,2.357
25696,3891,0.085,2.361
30192,3312,0.085,2.360
35472,2819,0.085,2.344
41680,2399,0.085,2.340
48976,2041,0.085,2.349
57536,1738,0.086,2.332
67600,1479,0.085,2.346
79424,1259,0.085,2.360
93312,1071,0.085,2.355
109632,912,0.085,2.358
128816,776,0.085,2.364
151344,660,0.085,2.363
177824,562,0.085,2.354
208928,478,0.085,2.357
245456,407,0.086,2.335
288400,346,0.084,2.366
338832,295,0.085,2.353
398096,251,0.085,2.351
467728,213,0.084,2.362
549536,181,0.085,2.329
645648,154,0.097,2.048
758576,131,0.116,1.717
891248,112,0.166,1.201
1047120,95,0.217,0.917
1230256,81,0.219,0.909
1445424,69,0.221,0.903
1698240,58,0.221,0.889
1995248,50,0.227,0.878
2344224,42,0.227,0.866
2754224,36,0.229,0.867
3235936,30,0.230,0.844
3801888,26,0.230,0.858
4466832,22,0.221,0.889
5248064,19,0.229,0.871
6165936,16,0.230,0.858
7244352,13,0.223,0.846
8511376,11,0.225,0.832
10000000,10,0.237,0.843
16,6250000,0.054,3.719
16,6250000,0.053,3.752
16,6250000,0.053,3.757
16,6250000,0.057,3.511
32,3125000,0.037,5.373
32,3125000,0.037,5.383
32,3125000,0.037,5.372
48,2083333,0.027,7.387
64,1562500,0.024,8.313
64,1562500,0.025,8.072
80,1250000,0.021,9.320
96,1041666,0.020,9.758
112,892857,0.019,10.548
144,694444,0.028,7.143
160,625000,0.026,7.644
192,520833,0.023,8.648
224,446428,0.024,8.459
272,367647,0.018,11.291
320,312500,0.018,11.112
384,260416,0.021,9.358
448,223214,0.022,9.281
528,189393,0.020,9.819
624,160256,0.020,10.117
736,135869,0.021,9.302
864,115740,0.019,10.435
1008,99206,0.036,5.616
1200,83333,0.019,10.726
1408,71022,0.022,9.031
1648,60679,0.042,4.810
1936,51652,0.042,4.736
2288,43706,0.040,4.968
2688,37202,0.040,4.982
3152,31725,0.040,5.031
3712,26939,0.040,4.957
4352,22977,0.041,4.879
5120,19531,0.041,4.860
6016,16622,0.040,5.006
7072,14140,0.041,4.844
8304,12042,0.042,4.720
9760,10245,0.044,4.582
11472,8716,0.052,3.861
13488,7413,0.063,3.165
15840,6313,0.074,2.715
18608,5374,0.079,2.538
21872,4572,0.082,2.448
25696,3891,0.081,2.460
30192,3312,0.081,2.457
35472,2819,0.082,2.447
41680,2399,0.081,2.456
48976,2041,0.082,2.447
57536,1738,0.081,2.461
67600,1479,0.082,2.453
79424,1259,0.081,2.458
93312,1071,0.082,2.441
109632,912,0.082,2.454
128816,776,0.081,2.463
151344,660,0.081,2.458
177824,562,0.083,2.402
208928,478,0.085,2.336
245456,407,0.085,2.342
288400,346,0.085,2.344
338832,295,0.086,2.330
398096,251,0.086,2.336
467728,213,0.083,2.405
549536,181,0.083,2.384
645648,154,0.082,2.412
758576,131,0.086,2.307
891248,112,0.093,2.140
1047120,95,0.102,1.943
1230256,81,0.116,1.718
1445424,69,0.138,1.450
1698240,58,0.176,1.121
1995248,50,0.199,1.001
2344224,42,0.214,0.922
2754224,36,0.214,0.927
3235936,30,0.216,0.897
3801888,26,0.218,0.908
4466832,22,0.213,0.924
5248064,19,0.216,0.925
6165936,16,0.214,0.923
7244352,13,0.203,0.927
8511376,11,0.212,0.885
10000000,10,0.220,0.910
16,6250000,0.058,3.428
16,6250000,0.058,3.430
16,6250000,0.058,3.430
16,6250000,0.058,3.427
32,3125000,0.037,5.400
32,3125000,0.037,5.397
32,3125000,0.037,5.398
48,2083333,0.028,7.217
64,1562500,0.025,8.092
64,1562500,0.025,8.094
80,1250000,0.022,9.273
96,1041666,0.021,9.708
112,892857,0.019,10.555
144,694444,0.028,7.101
160,625000,0.027,7.490
192,520833,0.024,8.298
224,446428,0.025,8.091
272,367647,0.018,11.088
320,312500,0.018,11.103
384,260416,0.021,9.316
448,223214,0.022,9.230
528,189393,0.020,9.769
624,160256,0.020,10.022
736,135869,0.022,9.243
864,115740,0.020,10.253
1008,99206,0.038,5.260
1200,83333,0.020,9.824
1408,71022,0.024,8.171
1648,60679,0.045,4.480
1936,51652,0.046,4.359
2288,43706,0.044,4.531
2688,37202,0.044,4.540
3152,31725,0.043,4.601
3712,26939,0.044,4.585
4352,22977,0.045,4.493
5120,19531,0.045,4.441
6016,16622,0.044,4.567
7072,14140,0.047,4.300
8304,12042,0.052,3.852
9760,10245,0.056,3.562
11472,8716,0.060,3.338
13488,7413,0.065,3.086
15840,6313,0.070,2.876
18608,5374,0.078,2.567
21872,4572,0.081,2.479
25696,3891,0.085,2.361
30192,3312,0.085,2.364
35472,2819,0.085,2.361
41680,2399,0.085,2.357
48976,2041,0.085,2.359
57536,1738,0.085,2.361
67600,1479,0.085,2.364
79424,1259,0.085,2.364
93312,1071,0.085,2.364
109632,912,0.085,2.365
128816,776,0.085,2.360
151344,660,0.085,2.364
177824,562,0.085,2.364
208928,478,0.085,2.362
245456,407,0.085,2.363
288400,346,0.084,2.362
338832,295,0.085,2.358
398096,251,0.085,2.357
467728,213,0.085,2.350
549536,181,0.085,2.341
645648,154,0.085,2.329
758576,131,0.088,2.271
891248,112,0.096,2.090
1047120,95,0.145,1.370
1230256,81,0.214,0.933
1445424,69,0.221,0.901
1698240,58,0.223,0.883
1995248,50,0.225,0.886
2344224,42,0.225,0.874
2754224,36,0.224,0.885
3235936,30,0.224,0.865
3801888,26,0.227,0.871
4466832,22,0.223,0.883
5248064,19,0.226,0.884
6165936,16,0.225,0.877
7244352,13,0.214,0.881
8511376,11,0.215,0.870
10000000,10,0.227,0.881
16,6250000,0.060,3.335
16,6250000,0.060,3.356
16,6250000,0.060,3.351
16,6250000,0.060,3.361
32,3125000,0.038,5.275
32,3125000,0.038,5.255
32,3125000,0.038,5.279
48,2083333,0.028,7.083
64,1562500,0.025,7.848
64,1562500,0.025,7.890
80,1250000,0.022,9.056
96,1041666,0.021,9.454
112,892857,0.020,10.244
144,694444,0.029,6.847
160,625000,0.028,7.235
192,520833,0.025,8.015
224,446428,0.026,7.803
272,367647,0.019,10.681
320,312500,0.019,10.659
384,260416,0.023,8.845
448,223214,0.023,8.810
528,189393,0.022,9.263
624,160256,0.021,9.383
736,135869,0.023,8.767
864,115740,0.021,9.587
1008,99206,0.040,4.953
1200,83333,0.022,8.917
1408,71022,0.026,7.619
1648,60679,0.046,4.379
1936,51652,0.047,4.262
2288,43706,0.045,4.464
2688,37202,0.045,4.466
3152,31725,0.044,4.549
3712,26939,0.044,4.508
4352,22977,0.045,4.459
5120,19531,0.045,4.413
6016,16622,0.044,4.553
7072,14140,0.044,4.516
8304,12042,0.045,4.478
9760,10245,0.051,3.947
11472,8716,0.071,2.833
13488,7413,0.080,2.490
15840,6313,0.084,2.376
18608,5374,0.090,2.223
21872,4572,0.091,2.189
25696,3891,0.090,2.220
30192,3312,0.090,2.214
35472,2819,0.091,2.194
41680,2399,0.091,2.194
48976,2041,0.091,2.202
57536,1738,0.093,2.149
67600,1479,0.093,2.152
79424,1259,0.093,2.145
93312,1071,0.092,2.180
109632,912,0.091,2.196
128816,776,0.091,2.205
151344,660,0.093,2.157
177824,562,0.094,2.128
208928,478,0.098,2.035
245456,407,0.263,0.761
288400,346,0.387,0.516
338832,295,0.438,0.456
398096,251,0.422,0.474
467728,213,0.427,0.466
549536,181,0.427,0.466
645648,154,0.439,0.453
758576,131,0.423,0.469
891248,112,0.423,0.471
1047120,95,0.444,0.449
1230256,81,0.419,0.476
1445424,69,0.432,0.462
1698240,58,0.421,0.468
1995248,50,0.430,0.464
2344224,42,0.414,0.475
2754224,36,0.429,0.462
3235936,30,0.429,0.453
3801888,26,0.428,0.462
4466832,22,0.419,0.469
5248064,19,0.433,0.461
6165936,16,0.421,0.469
7244352,13,0.409,0.461
8511376,11,0.393,0.476
10000000,10,0.412,0.486
16,6250000,0.058,3.432
16,6250000,0.058,3.433
16,6250000,0.058,3.433
16,6250000,0.058,3.434
32,3125000,0.037,5.407
32,3125000,0.037,5.408
32,3125000,0.037,5.406
48,2083333,0.028,7.235
64,1562500,0.025,8.106
64,1562500,0.025,8.111
80,1250000,0.022,9.296
96,1041666,0.021,9.733
112,892857,0.019,10.583
144,694444,0.028,7.106
160,625000,0.027,7.499
192,520833,0.024,8.307
224,446428,0.025,8.113
272,367647,0.018,11.112
320,312500,0.018,11.116
384,260416,0.021,9.327
448,223214,0.022,9.250
528,189393,0.020,9.771
624,160256,0.020,10.035
736,135869,0.022,9.266
864,115740,0.020,10.248
1008,99206,0.038,5.260
1200,83333,0.020,9.871
1408,71022,0.024,8.208
1648,60679,0.045,4.445
1936,51652,0.046,4.325
2288,43706,0.044,4.532
2688,37202,0.044,4.552
3152,31725,0.043,4.602
3712,26939,0.044,4.582
4352,22977,0.044,4.497
5120,19531,0.045,4.450
6016,16622,0.044,4.594
7072,14140,0.044,4.550
8304,12042,0.049,4.051
9760,10245,0.052,3.836
11472,8716,0.058,3.456
13488,7413,0.067,2.970
15840,6313,0.076,2.620
18608,5374,0.082,2.426
21872,4572,0.084,2.373
25696,3891,0.084,2.371
30192,3312,0.084,2.373
35472,2819,0.085,2.365
41680,2399,0.084,2.371
48976,2041,0.084,2.372
57536,1738,0.084,2.372
67600,1479,0.084,2.374
79424,1259,0.084,2.373
93312,1071,0.084,2.373
109632,912,0.084,2.373
128816,776,0.084,2.373
151344,660,0.084,2.374
177824,562,0.084,2.374
208928,478,0.084,2.374
245456,407,0.084,2.375
288400,346,0.084,2.375
338832,295,0.084,2.372
398096,251,0.085,2.355
467728,213,0.088,2.258
549536,181,0.094,2.108
645648,154,0.119,1.667
758576,131,0.162,1.228
891248,112,0.216,0.925
1047120,95,0.229,0.869
1230256,81,0.232,0.860
1445424,69,0.235,0.847
1698240,58,0.233,0.847
1995248,50,0.235,0.850
2344224,42,0.232,0.849
2754224,36,0.236,0.841
3235936,30,0.230,0.845
3801888,26,0.233,0.848
4466832,22,0.230,0.853
5248064,19,0.232,0.861
6165936,16,0.228,0.865
7244352,13,0.218,0.862
8511376,11,0.215,0.871
10000000,10,0.224,0.895
16,6250000,0.058,3.430
16,6250000,0.058,3.432
16,6250000,0.058,3.432
16,6250000,0.058,3.433
32,3125000,0.037,5.405
32,3125000,0.037,5.409
32,3125000,0.037,5.408
48,2083333,0.028,7.233
64,1562500,0.025,8.106
64,1562500,0.025,8.114
80,1250000,0.022,9.293
96,1041666,0.021,9.735
112,892857,0.019,10.581
144,694444,0.028,7.101
160,625000,0.027,7.497
192,520833,0.024,8.264
224,446428,0.025,8.096
272,367647,0.018,11.105
320,312500,0.018,11.114
384,260416,0.021,9.324
448,223214,0.022,9.198
528,189393,0.020,9.770
624,160256,0.020,10.043
736,135869,0.022,9.266
864,115740,0.020,10.248
1008,99206,0.038,5.260
1200,83333,0.020,9.858
1408,71022,0.024,8.253
1648,60679,0.045,4.460
1936,51652,0.046,4.338
2288,43706,0.044,4.538
2688,37202,0.044,4.562
3152,31725,0.043,4.641
3712,26939,0.044,4.597
4352,22977,0.044,4.517
5120,19531,0.045,4.464
6016,16622,0.043,4.604
7072,14140,0.044,4.576
8304,12042,0.043,4.602
9760,10245,0.046,4.362
11472,8716,0.056,3.597
13488,7413,0.073,2.755
15840,6313,0.082,2.444
18608,5374,0.086,2.328
21872,4572,0.085,2.343
25696,3891,0.087,2.292
30192,3312,0.087,2.294
35472,2819,0.087,2.291
41680,2399,0.087,2.293
48976,2041,0.087,2.295
57536,1738,0.087,2.296
67600,1479,0.087,2.294
79424,1259,0.087,2.298
93312,1071,0.087,2.298
109632,912,0.087,2.298
128816,776,0.087,2.298
151344,660,0.087,2.299
177824,562,0.087,2.301
208928,478,0.087,2.300
245456,407,0.087,2.302
288400,346,0.087,2.293
338832,295,0.087,2.289
398096,251,0.089,2.255
467728,213,0.093,2.152
549536,181,0.096,2.069
645648,154,0.100,1.997
758576,131,0.161,1.232
891248,112,0.213,0.937
1047120,95,0.230,0.866
1230256,81,0.240,0.832
1445424,69,0.239,0.836
1698240,58,0.234,0.842
1995248,50,0.238,0.837
2344224,42,0.236,0.835
2754224,36,0.237,0.837
3235936,30,0.229,0.848
3801888,26,0.236,0.839
4466832,22,0.231,0.851
5248064,19,0.234,0.852
6165936,16,0.231,0.853
7244352,13,0.221,0.853
8511376,11,0.215,0.873
10000000,10,0.225,0.888
16,6250000,0.058,3.430
16,6250000,0.058,3.433
16,6250000,0.058,3.434
16,6250000,0.058,3.433
32,3125000,0.037,5.408
32,3125000,0.037,5.408
32,3125000,0.037,5.410
48,2083333,0.028,7.234
64,1562500,0.025,8.112
64,1562500,0.025,8.113
80,1250000,0.022,9.295
96,1041666,0.021,9.733
112,892857,0.019,10.585
144,694444,0.028,7.107
160,625000,0.027,7.501
192,520833,0.024,8.307
224,446428,0.025,8.103
272,367647,0.018,11.097
320,312500,0.018,11.122
384,260416,0.021,9.330
448,223214,0.022,9.215
528,189393,0.020,9.776
624,160256,0.020,10.037
736,135869,0.022,9.263
864,115740,0.019,10.267
1008,99206,0.038,5.264
1200,83333,0.020,9.887
1408,71022,0.024,8.319
1648,60679,0.045,4.437
1936,51652,0.046,4.373
2288,43706,0.044,4.498
2688,37202,0.044,4.527
3152,31725,0.043,4.615
3712,26939,0.044,4.585
4352,22977,0.044,4.515
5120,19531,0.045,4.462
6016,16622,0.043,4.611
7072,14140,0.044,4.586
8304,12042,0.045,4.424
9760,10245,0.060,3.345
11472,8716,0.060,3.350
13488,7413,0.071,2.818
15840,6313,0.073,2.752
18608,5374,0.083,2.401
21872,4572,0.084,2.387
25696,3891,0.087,2.309
30192,3312,0.087,2.311
35472,2819,0.087,2.307
41680,2399,0.087,2.309
48976,2041,0.087,2.311
57536,1738,0.087,2.312
67600,1479,0.086,2.312
79424,1259,0.086,2.313
93312,1071,0.086,2.315
109632,912,0.086,2.316
128816,776,0.086,2.315
151344,660,0.086,2.315
177824,562,0.086,2.314
208928,478,0.086,2.317
245456,407,0.086,2.314
288400,346,0.086,2.309
338832,295,0.087,2.298
398096,251,0.088,2.263
467728,213,0.091,2.180
549536,181,0.108,1.842
645648,154,0.141,1.406
758576,131,0.184,1.078
891248,112,0.219,0.910
1047120,95,0.216,0.921
1230256,81,0.228,0.874
1445424,69,0.233,0.858
1698240,58,0.232,0.849
1995248,50,0.236,0.846
2344224,42,0.234,0.840
2754224,36,0.234,0.849
3235936,30,0.230,0.844
3801888,26,0.234,0.845
4466832,22,0.230,0.854
5248064,19,0.233,0.854
6165936,16,0.231,0.854
7244352,13,0.220,0.857
8511376,11,0.215,0.871
10000000,10,0.225,0.890
