16,6250000,0.085,2.367
16,6250000,0.084,2.368
16,6250000,0.109,1.835
16,6250000,0.085,2.365
32,3125000,0.042,4.787
32,3125000,0.042,4.798
32,3125000,0.042,4.780
48,2083333,0.037,5.479
64,1562500,0.034,5.902
64,1562500,0.034,5.901
80,1250000,0.032,6.159
96,1041666,0.032,6.334
112,892857,0.031,6.457
144,694444,0.030,6.649
160,625000,0.030,6.716
192,520833,0.029,6.844
224,446428,0.029,6.924
272,367647,0.029,6.945
320,312500,0.028,7.024
384,260416,0.028,7.127
448,223214,0.028,7.168
528,189393,0.029,6.865
624,160256,0.029,6.957
736,135869,0.029,7.013
864,115740,0.028,7.078
1008,99206,0.039,5.077
1200,83333,0.028,7.172
1408,71022,0.032,6.340
1648,60679,0.050,3.990
1936,51652,0.052,3.854
2288,43706,0.052,3.870
2688,37202,0.049,4.114
3152,31725,0.048,4.203
3712,26939,0.048,4.163
4352,22977,0.050,3.971
5120,19531,0.049,4.054
6016,16622,0.048,4.205
7072,14140,0.048,4.161
8304,12042,0.049,4.114
9760,10245,0.053,3.788
11472,8716,0.063,3.175
13488,7413,0.064,3.127
15840,6313,0.075,2.666
18608,5374,0.082,2.437
21872,4572,0.084,2.371
25696,3891,0.084,2.374
30192,3312,0.085,2.358
35472,2819,0.085,2.346
41680,2399,0.084,2.372
48976,2041,0.084,2.372
57536,1738,0.085,2.360
67600,1479,0.085,2.360
79424,1259,0.085,2.359
93312,1071,0.084,2.371
109632,912,0.084,2.376
128816,776,0.084,2.376
151344,660,0.084,2.376
177824,562,0.085,2.357
208928,478,0.085,2.347
245456,407,0.084,2.375
288400,346,0.084,2.371
338832,295,0.084,2.368
398096,251,0.084,2.369
467728,213,0.084,2.376
549536,181,0.084,2.368
645648,154,0.087,2.294
758576,131,0.090,2.211
891248,112,0.087,2.294
1047120,95,0.094,2.113
1230256,81,0.107,1.855
1445424,69,0.122,1.630
1698240,58,0.147,1.342
1995248,50,0.185,1.077
2344224,42,0.202,0.973
2754224,36,0.206,0.962
3235936,30,0.205,0.947
3801888,26,0.212,0.932
4466832,22,0.208,0.944
5248064,19,0.213,0.937
6165936,16,0.238,0.828
7244352,13,0.202,0.933
8511376,11,0.200,0.936
10000000,10,0.212,0.944
16,6250000,0.082,2.449
16,6250000,0.082,2.446
16,6250000,0.082,2.446
16,6250000,0.082,2.445
32,3125000,0.039,5.160
32,3125000,0.039,5.164
32,3125000,0.039,5.155
48,2083333,0.034,5.847
64,1562500,0.032,6.311
64,1562500,0.032,6.302
80,1250000,0.030,6.585
96,1041666,0.030,6.770
112,892857,0.029,6.913
144,694444,0.028,7.118
160,625000,0.028,7.184
192,520833,0.027,7.310
224,446428,0.027,7.366
272,367647,0.027,7.491
320,312500,0.026,7.563
384,260416,0.026,7.626
448,223214,0.026,7.650
528,189393,0.027,7.337
624,160256,0.026,7.628
736,135869,0.026,7.767
864,115740,0.026,7.816
1008,99206,0.036,5.619
1200,83333,0.025,7.936
1408,71022,0.028,7.032
1648,60679,0.045,4.450
1936,51652,0.046,4.307
2288,43706,0.046,4.370
2688,37202,0.044,4.561
3152,31725,0.043,4.636
3712,26939,0.043,4.613
4352,22977,0.046,4.390
5120,19531,0.045,4.488
6016,16622,0.043,4.626
7072,14140,0.044,4.588
8304,12042,0.043,4.629
9760,10245,0.046,4.311
11472,8716,0.053,3.757
13488,7413,0.058,3.469
15840,6313,0.070,2.845
18608,5374,0.076,2.619
21872,4572,0.079,2.524
25696,3891,0.080,2.500
30192,3312,0.080,2.497
35472,2819,0.080,2.499
41680,2399,0.081,2.475
48976,2041,0.080,2.491
57536,1738,0.080,2.499
67600,1479,0.080,2.499
79424,1259,0.080,2.499
93312,1071,0.085,2.364
109632,912,0.083,2.420
128816,776,0.082,2.426
151344,660,0.083,2.413
177824,562,0.081,2.459
208928,478,0.080,2.497
245456,407,0.080,2.497
288400,346,0.080,2.505
338832,295,0.080,2.494
398096,251,0.080,2.502
467728,213,0.080,2.495
549536,181,0.080,2.496
645648,154,0.082,2.411
758576,131,0.086,2.307
891248,112,0.107,1.873
1047120,95,0.187,1.062
1230256,81,0.180,1.109
1445424,69,0.198,1.009
1698240,58,0.206,0.957
1995248,50,0.213,0.939
2344224,42,0.214,0.921
2754224,36,0.215,0.923
3235936,30,0.214,0.909
3801888,26,0.224,0.882
4466832,22,0.211,0.930
5248064,19,0.214,0.933
6165936,16,0.210,0.940
7244352,13,0.202,0.933
8511376,11,0.201,0.932
10000000,10,0.219,0.912
16,6250000,0.082,2.447
16,6250000,0.082,2.445
16,6250000,0.082,2.446
16,6250000,0.082,2.446
32,3125000,0.039,5.158
32,3125000,0.039,5.166
32,3125000,0.039,5.155
48,2083333,0.034,5.856
64,1562500,0.032,6.310
64,1562500,0.032,6.308
80,1250000,0.030,6.574
96,1041666,0.030,6.771
112,892857,0.029,6.913
144,694444,0.028,7.113
160,625000,0.028,7.184
192,520833,0.027,7.325
224,446428,0.027,7.408
272,367647,0.027,7.483
320,312500,0.027,7.526
384,260416,0.026,7.626
448,223214,0.026,7.650
528,189393,0.027,7.336
624,160256,0.026,7.598
736,135869,0.026,7.765
864,115740,0.026,7.816
1008,99206,0.036,5.620
1200,83333,0.025,7.938
1408,71022,0.029,7.017
1648,60679,0.045,4.396
1936,51652,0.046,4.314
2288,43706,0.046,4.378
2688,37202,0.044,4.549
3152,31725,0.043,4.651
3712,26939,0.043,4.609
4352,22977,0.045,4.401
5120,19531,0.045,4.479
6016,16622,0.043,4.653
7072,14140,0.043,4.604
8304,12042,0.047,4.297
9760,10245,0.046,4.395
11472,8716,0.055,3.657
13488,7413,0.063,3.160
15840,6313,0.073,2.740
18608,5374,0.074,2.714
21872,4572,0.078,2.566
25696,3891,0.080,2.505
30192,3312,0.080,2.510
35472,2819,0.080,2.508
41680,2399,0.081,2.484
48976,2041,0.080,2.504
57536,1738,0.080,2.508
67600,1479,0.080,2.505
79424,1259,0.080,2.509
93312,1071,0.084,2.371
109632,912,0.083,2.424
128816,776,0.082,2.434
151344,660,0.083,2.417
177824,562,0.081,2.475
208928,478,0.080,2.507
245456,407,0.080,2.508
288400,346,0.079,2.512
338832,295,0.080,2.500
398096,251,0.080,2.512
467728,213,0.080,2.505
549536,181,0.079,2.504
645648,154,0.085,2.343
758576,131,0.113,1.757
891248,112,0.129,1.546
1047120,95,0.176,1.132
1230256,81,0.172,1.160
1445424,69,0.197,1.012
1698240,58,0.207,0.951
1995248,50,0.212,0.940
2344224,42,0.214,0.920
2754224,36,0.214,0.927
3235936,30,0.215,0.903
3801888,26,0.223,0.885
4466832,22,0.211,0.930
5248064,19,0.214,0.930
6165936,16,0.211,0.935
7244352,13,0.202,0.932
8511376,11,0.201,0.932
10000000,10,0.222,0.899
16,6250000,0.074,2.696
16,6250000,0.074,2.692
16,6250000,0.074,2.696
16,6250000,0.074,2.692
32,3125000,0.036,5.631
32,3125000,0.035,5.681
32,3125000,0.035,5.673
48,2083333,0.031,6.454
64,1562500,0.029,6.873
64,1562500,0.029,6.933
80,1250000,0.028,7.257
96,1041666,0.027,7.444
112,892857,0.026,7.619
144,694444,0.026,7.820
160,625000,0.025,7.913
192,520833,0.025,8.037
224,446428,0.025,8.138
272,367647,0.024,8.241
320,312500,0.024,8.336
384,260416,0.024,8.360
448,223214,0.024,8.449
528,189393,0.025,7.973
624,160256,0.024,8.179
736,135869,0.024,8.231
864,115740,0.024,8.345
1008,99206,0.033,5.981
1200,83333,0.024,8.465
1408,71022,0.027,7.480
1648,60679,0.042,4.725
1936,51652,0.043,4.619
2288,43706,0.043,4.633
2688,37202,0.041,4.831
3152,31725,0.041,4.833
3712,26939,0.041,4.907
4352,22977,0.043,4.675
5120,19531,0.043,4.632
6016,16622,0.041,4.834
7072,14140,0.043,4.650
8304,12042,0.043,4.704
9760,10245,0.053,3.798
11472,8716,0.055,3.614
13488,7413,0.061,3.304
15840,6313,0.069,2.908
18608,5374,0.075,2.652
21872,4572,0.076,2.629
25696,3891,0.076,2.626
30192,3312,0.076,2.633
35472,2819,0.076,2.627
41680,2399,0.076,2.633
48976,2041,0.076,2.629
57536,1738,0.076,2.634
67600,1479,0.076,2.625
79424,1259,0.076,2.635
93312,1071,0.077,2.588
109632,912,0.076,2.634
128816,776,0.077,2.604
151344,660,0.079,2.542
177824,562,0.077,2.583
208928,478,0.078,2.574
245456,407,0.076,2.632
288400,346,0.076,2.636
338832,295,0.076,2.633
398096,251,0.076,2.618
467728,213,0.076,2.632
549536,181,0.076,2.632
645648,154,0.076,2.621
758576,131,0.076,2.625
891248,112,0.076,2.617
1047120,95,0.076,2.604
1230256,81,0.082,2.419
1445424,69,0.110,1.815
1698240,58,0.153,1.288
1995248,50,0.190,1.050
2344224,42,0.197,0.999
2754224,36,0.204,0.970
3235936,30,0.206,0.944
3801888,26,0.206,0.959
4466832,22,0.201,0.979
5248064,19,0.203,0.981
6165936,16,0.202,0.977
7244352,13,0.193,0.976
8511376,11,0.200,0.938
10000000,10,0.206,0.972
16,6250000,0.084,2.369
16,6250000,0.085,2.365
16,6250000,0.084,2.368
16,6250000,0.084,2.368
32,3125000,0.042,4.808
32,3125000,0.041,4.827
32,3125000,0.042,4.749
48,2083333,0.037,5.478
64,1562500,0.034,5.894
64,1562500,0.038,5.269
80,1250000,0.032,6.160
96,1041666,0.032,6.332
112,892857,0.031,6.462
144,694444,0.030,6.650
160,625000,0.030,6.715
192,520833,0.029,6.843
224,446428,0.029,6.873
272,367647,0.029,6.970
320,312500,0.028,7.069
384,260416,0.028,7.099
448,223214,0.028,7.172
528,189393,0.029,6.868
624,160256,0.030,6.667
736,135869,0.029,7.016
864,115740,0.028,7.075
1008,99206,0.039,5.075
1200,83333,0.028,7.176
1408,71022,0.031,6.353
1648,60679,0.050,4.006
1936,51652,0.051,3.914
2288,43706,0.051,3.951
2688,37202,0.049,4.099
3152,31725,0.048,4.174
3712,26939,0.048,4.141
4352,22977,0.051,3.903
5120,19531,0.058,3.452
6016,16622,0.049,4.099
7072,14140,0.050,4.039
8304,12042,0.049,4.058
9760,10245,0.053,3.772
11472,8716,0.053,3.748
13488,7413,0.057,3.489
15840,6313,0.067,2.974
18608,5374,0.077,2.586
21872,4572,0.084,2.383
25696,3891,0.084,2.374
30192,3312,0.084,2.375
35472,2819,0.084,2.375
41680,2399,0.087,2.311
48976,2041,0.091,2.190
57536,1738,0.087,2.305
67600,1479,0.085,2.355
79424,1259,0.084,2.374
93312,1071,0.085,2.365
109632,912,0.084,2.378
128816,776,0.084,2.377
151344,660,0.084,2.378
177824,562,0.084,2.377
208928,478,0.084,2.377
245456,407,0.084,2.376
288400,346,0.108,1.847
338832,295,0.085,2.350
398096,251,0.085,2.364
467728,213,0.084,2.376
549536,181,0.084,2.362
645648,154,0.085,2.326
758576,131,0.087,2.283
891248,112,0.085,2.340
1047120,95,0.088,2.251
1230256,81,0.102,1.952
1445424,69,0.125,1.597
1698240,58,0.169,1.166
1995248,50,0.208,0.961
2344224,42,0.212,0.931
2754224,36,0.211,0.939
3235936,30,0.206,0.942
3801888,26,0.209,0.944
4466832,22,0.209,0.938
5248064,19,0.211,0.943
6165936,16,0.237,0.833
7244352,13,0.204,0.925
8511376,11,0.198,0.945
10000000,10,0.212,0.944
16,6250000,0.085,2.365
16,6250000,0.084,2.369
16,6250000,0.084,2.369
16,6250000,0.084,2.369
32,3125000,0.041,4.847
32,3125000,0.041,4.849
32,3125000,0.041,4.882
48,2083333,0.036,5.514
64,1562500,0.033,5.982
64,1562500,0.034,5.928
80,1250000,0.032,6.206
96,1041666,0.031,6.414
112,892857,0.031,6.527
144,694444,0.030,6.723
160,625000,0.029,6.793
192,520833,0.029,6.871
224,446428,0.028,7.034
272,367647,0.028,7.064
320,312500,0.028,7.120
384,260416,0.028,7.136
448,223214,0.027,7.283
528,189393,0.029,6.916
624,160256,0.029,7.002
736,135869,0.028,7.103
864,115740,0.028,7.142
1008,99206,0.039,5.073
1200,83333,0.028,7.167
1408,71022,0.032,6.337
1648,60679,0.050,4.006
1936,51652,0.051,3.921
2288,43706,0.051,3.957
2688,37202,0.049,4.123
3152,31725,0.047,4.264
3712,26939,0.048,4.191
4352,22977,0.049,4.050
5120,19531,0.049,4.120
6016,16622,0.047,4.262
7072,14140,0.047,4.223
8304,12042,0.047,4.272
9760,10245,0.047,4.255
11472,8716,0.053,3.799
13488,7413,0.072,2.776
15840,6313,0.078,2.573
18608,5374,0.085,2.341
21872,4572,0.087,2.292
25696,3891,0.087,2.302
30192,3312,0.087,2.310
35472,2819,0.087,2.310
41680,2399,0.087,2.309
48976,2041,0.087,2.299
57536,1738,0.086,2.319
67600,1479,0.086,2.313
79424,1259,0.087,2.309
93312,1071,0.087,2.309
109632,912,0.087,2.309
128816,776,0.086,2.312
151344,660,0.087,2.302
177824,562,0.087,2.303
208928,478,0.086,2.311
245456,407,0.087,2.305
288400,346,0.086,2.319
338832,295,0.086,2.332
398096,251,0.086,2.325
467728,213,0.087,2.294
549536,181,0.087,2.279
645648,154,0.105,1.888
758576,131,0.163,1.223
891248,112,0.191,1.044
1047120,95,0.208,0.955
1230256,81,0.221,0.902
1445424,69,0.238,0.836
1698240,58,0.232,0.851
1995248,50,0.239,0.833
2344224,42,0.234,0.842
2754224,36,0.236,0.841
3235936,30,0.229,0.849
3801888,26,0.234,0.846
4466832,22,0.231,0.851
5248064,19,0.239,0.834
6165936,16,0.226,0.872
7244352,13,0.216,0.872
8511376,11,0.216,0.868
10000000,10,0.230,0.869
16,6250000,0.085,2.366
16,6250000,0.084,2.367
16,6250000,0.084,2.368
16,6250000,0.084,2.368
32,3125000,0.041,4.859
32,3125000,0.041,4.889
32,3125000,0.041,4.880
48,2083333,0.036,5.546
64,1562500,0.037,5.403
64,1562500,0.037,5.430
80,1250000,0.032,6.158
96,1041666,0.032,6.261
112,892857,0.030,6.563
144,694444,0.030,6.697
160,625000,0.030,6.761
192,520833,0.029,6.924
224,446428,0.029,6.975
272,367647,0.029,6.993
320,312500,0.028,7.059
384,260416,0.028,7.115
448,223214,0.028,7.158
528,189393,0.029,6.858
624,160256,0.029,6.947
736,135869,0.029,7.013
864,115740,0.028,7.067
1008,99206,0.039,5.074
1200,83333,0.028,7.167
1408,71022,0.031,6.466
1648,60679,0.049,4.101
1936,51652,0.051,3.960
2288,43706,0.050,4.024
2688,37202,0.048,4.206
3152,31725,0.047,4.283
3712,26939,0.047,4.240
4352,22977,0.050,4.034
5120,19531,0.049,4.099
6016,16622,0.047,4.218
7072,14140,0.048,4.139
8304,12042,0.050,4.008
9760,10245,0.059,3.394
11472,8716,0.060,3.323
13488,7413,0.072,2.773
15840,6313,0.082,2.443
18608,5374,0.085,2.364
21872,4572,0.087,2.300
25696,3891,0.087,2.299
30192,3312,0.087,2.303
35472,2819,0.086,2.315
41680,2399,0.086,2.313
48976,2041,0.087,2.310
57536,1738,0.086,2.314
67600,1479,0.087,2.310
79424,1259,0.086,2.314
93312,1071,0.087,2.303
109632,912,0.087,2.304
128816,776,0.086,2.312
151344,660,0.086,2.314
177824,562,0.086,2.312
208928,478,0.086,2.319
245456,407,0.086,2.314
288400,346,0.086,2.314
338832,295,0.087,2.300
398096,251,0.087,2.310
467728,213,0.088,2.259
549536,181,0.092,2.169
645648,154,0.095,2.085
758576,131,0.117,1.703
891248,112,0.150,1.328
1047120,95,0.204,0.974
1230256,81,0.220,0.907
1445424,69,0.232,0.860
1698240,58,0.236,0.835
1995248,50,0.235,0.850
2344224,42,0.234,0.841
2754224,36,0.236,0.840
3235936,30,0.229,0.847
3801888,26,0.233,0.848
4466832,22,0.234,0.842
5248064,19,0.247,0.807
6165936,16,0.226,0.872
7244352,13,0.214,0.878
8511376,11,0.213,0.879
10000000,10,0.224,0.894
16,6250000,0.084,2.369
16,6250000,0.085,2.363
16,6250000,0.084,2.368
16,6250000,0.084,2.370
32,3125000,0.041,4.824
32,3125000,0.041,4.828
32,3125000,0.041,4.826
48,2083333,0.036,5.493
64,1562500,0.034,5.903
64,1562500,0.034,5.905
80,1250000,0.032,6.162
96,1041666,0.032,6.334
112,892857,0.031,6.460
144,694444,0.030,6.656
160,625000,0.030,6.717
192,520833,0.029,6.846
224,446428,0.030,6.704
272,367647,0.029,7.003
320,312500,0.028,7.071
384,260416,0.028,7.130
448,223214,0.028,7.169
528,189393,0.029,6.867
624,160256,0.029,6.957
736,135869,0.028,7.021
864,115740,0.028,7.082
1008,99206,0.039,5.083
1200,83333,0.028,7.180
1408,71022,0.031,6.369
1648,60679,0.050,4.008
1936,51652,0.051,3.892
2288,43706,0.051,3.943
2688,37202,0.048,4.128
3152,31725,0.048,4.189
3712,26939,0.048,4.163
4352,22977,0.051,3.957
5120,19531,0.049,4.048
6016,16622,0.048,4.186
7072,14140,0.049,4.122
8304,12042,0.048,4.194
9760,10245,0.052,3.833
11472,8716,0.065,3.082
13488,7413,0.069,2.888
15840,6313,0.080,2.511
18608,5374,0.086,2.337
21872,4572,0.085,2.344
25696,3891,0.086,2.321
30192,3312,0.086,2.324
35472,2819,0.086,2.322
41680,2399,0.086,2.324
48976,2041,0.086,2.322
57536,1738,0.086,2.322
67600,1479,0.086,2.324
79424,1259,0.086,2.324
93312,1071,0.086,2.325
109632,912,0.086,2.324
128816,776,0.086,2.325
151344,660,0.086,2.325
177824,562,0.086,2.326
208928,478,0.086,2.326
245456,407,0.086,2.324
288400,346,0.086,2.323
338832,295,0.086,2.323
398096,251,0.086,2.323
467728,213,0.086,2.324
549536,181,0.086,2.325
645648,154,0.088,2.254
758576,131,0.086,2.323
891248,112,0.087,2.288
1047120,95,0.091,2.185
1230256,81,0.099,2.015
1445424,69,0.118,1.688
1698240,58,0.141,1.399
1995248,50,0.171,1.167
2344224,42,0.191,1.028
2754224,36,0.205,0.968
3235936,30,0.205,0.948
3801888,26,0.209,0.944
4466832,22,0.208,0.943
5248064,19,0.212,0.943
6165936,16,0.209,0.943
7244352,13,0.213,0.885
8511376,11,0.198,0.944
10000000,10,0.212,0.943
16,6250000,0.084,2.377
16,6250000,0.084,2.388
16,6250000,0.083,2.399
16,6250000,0.083,2.402
32,3125000,0.040,5.029
32,3125000,0.040,5.046
32,3125000,0.040,5.042
48,2083333,0.035,5.700
64,1562500,0.032,6.167
64,1562500,0.032,6.156
80,1250000,0.031,6.350
96,1041666,0.030,6.571
112,892857,0.030,6.771
144,694444,0.029,6.939
160,625000,0.029,6.945
192,520833,0.028,7.124
224,446428,0.029,6.919
272,367647,0.028,7.271
320,312500,0.027,7.393
384,260416,0.027,7.452
448,223214,0.027,7.305
528,189393,0.029,6.922
624,160256,0.028,7.214
736,135869,0.027,7.354
864,115740,0.027,7.424
1008,99206,0.038,5.287
1200,83333,0.027,7.505
1408,71022,0.030,6.653
1648,60679,0.049,4.117
1936,51652,0.049,4.055
2288,43706,0.048,4.125
2688,37202,0.046,4.301
3152,31725,0.046,4.395
3712,26939,0.046,4.383
4352,22977,0.048,4.150
5120,19531,0.047,4.246
6016,16622,0.046,4.329
7072,14140,0.048,4.152
8304,12042,0.049,4.086
9760,10245,0.053,3.781
11472,8716,0.058,3.467
13488,7413,0.060,3.357
15840,6313,0.075,2.665
18608,5374,0.075,2.653
21872,4572,0.085,2.358
25696,3891,0.086,2.332
30192,3312,0.086,2.326
35472,2819,0.086,2.326
41680,2399,0.086,2.336
48976,2041,0.087,2.305
57536,1738,0.086,2.319
67600,1479,0.087,2.291
79424,1259,0.087,2.311
93312,1071,0.087,2.307
109632,912,0.087,2.305
128816,776,0.086,2.324
151344,660,0.085,2.340
177824,562,0.086,2.329
208928,478,0.086,2.331
245456,407,0.085,2.340
288400,346,0.086,2.327
338832,295,0.086,2.333
398096,251,0.086,2.323
467728,213,0.089,2.250
549536,181,0.095,2.098
645648,154,0.097,2.060
758576,131,0.106,1.874
891248,112,0.164,1.218
1047120,95,0.186,1.070
1230256,81,0.210,0.950
1445424,69,0.227,0.880
1698240,58,0.230,0.857
1995248,50,0.238,0.837
2344224,42,0.232,0.847
2754224,36,0.232,0.856
3235936,30,0.228,0.851
3801888,26,0.234,0.846
4466832,22,0.231,0.849
5248064,19,0.234,0.851
6165936,16,0.232,0.852
7244352,13,0.220,0.855
8511376,11,0.221,0.848
10000000,10,0.234,0.855
16,6250000,0.084,2.383
16,6250000,0.084,2.394
16,6250000,0.083,2.399
16,6250000,0.083,2.401
32,3125000,0.040,5.041
32,3125000,0.040,5.044
32,3125000,0.040,5.014
48,2083333,0.035,5.732
64,1562500,0.033,6.143
64,1562500,0.033,6.103
80,1250000,0.031,6.380
96,1041666,0.030,6.626
112,892857,0.030,6.739
144,694444,0.029,6.911
160,625000,0.029,6.972
192,520833,0.028,7.043
224,446428,0.028,7.187
272,367647,0.027,7.329
320,312500,0.027,7.384
384,260416,0.028,7.250
448,223214,0.028,7.221
528,189393,0.028,7.101
624,160256,0.027,7.289
736,135869,0.027,7.362
864,115740,0.027,7.348
1008,99206,0.038,5.309
1200,83333,0.027,7.531
1408,71022,0.031,6.501
1648,60679,0.048,4.145
1936,51652,0.049,4.087
2288,43706,0.049,4.110
2688,37202,0.046,4.302
3152,31725,0.045,4.413
3712,26939,0.046,4.348
4352,22977,0.048,4.159
5120,19531,0.047,4.223
6016,16622,0.046,4.313
7072,14140,0.047,4.263
8304,12042,0.050,3.989
9760,10245,0.050,3.962
11472,8716,0.064,3.124
13488,7413,0.074,2.694
15840,6313,0.078,2.556
18608,5374,0.084,2.389
21872,4572,0.086,2.336
25696,3891,0.086,2.329
30192,3312,0.086,2.334
35472,2819,0.085,2.342
41680,2399,0.086,2.329
48976,2041,0.086,2.317
57536,1738,0.086,2.319
67600,1479,0.087,2.299
79424,1259,0.086,2.318
93312,1071,0.086,2.316
109632,912,0.087,2.309
128816,776,0.085,2.339
151344,660,0.085,2.345
177824,562,0.085,2.341
208928,478,0.085,2.338
245456,407,0.085,2.346
288400,346,0.085,2.343
338832,295,0.086,2.332
398096,251,0.087,2.305
467728,213,0.088,2.257
549536,181,0.093,2.131
645648,154,0.093,2.140
758576,131,0.115,1.724
891248,112,0.155,1.289
1047120,95,0.176,1.128
1230256,81,0.205,0.975
1445424,69,0.226,0.884
1698240,58,0.230,0.857
1995248,50,0.238,0.839
2344224,42,0.230,0.857
2754224,36,0.232,0.856
3235936,30,0.227,0.854
3801888,26,0.232,0.852
4466832,22,0.231,0.850
5248064,19,0.235,0.850
6165936,16,0.231,0.853
7244352,13,0.220,0.857
8511376,11,0.221,0.846
10000000,10,0.234,0.856
16,6250000,0.085,2.363
16,6250000,0.085,2.354
16,6250000,0.084,2.370
16,6250000,0.084,2.369
32,3125000,0.042,4.813
32,3125000,0.041,4.819
32,3125000,0.041,4.824
48,2083333,0.037,5.477
64,1562500,0.034,5.895
64,1562500,0.034,5.896
80,1250000,0.032,6.156
96,1041666,0.032,6.332
112,892857,0.031,6.460
144,694444,0.030,6.643
160,625000,0.030,6.704
192,520833,0.029,6.838
224,446428,0.029,6.912
272,367647,0.029,6.809
320,312500,0.028,7.060
384,260416,0.028,7.124
448,223214,0.028,7.164
528,189393,0.029,6.868
624,160256,0.029,6.955
736,135869,0.028,7.025
864,115740,0.028,7.078
1008,99206,0.039,5.075
1200,83333,0.028,7.171
1408,71022,0.031,6.386
1648,60679,0.050,4.024
1936,51652,0.051,3.924
2288,43706,0.050,3.964
2688,37202,0.049,4.117
3152,31725,0.048,4.207
3712,26939,0.048,4.180
4352,22977,0.050,3.968
5120,19531,0.050,3.965
6016,16622,0.048,4.153
7072,14140,0.049,4.072
8304,12042,0.050,3.999
9760,10245,0.053,3.797
11472,8716,0.053,3.806
13488,7413,0.066,3.010
15840,6313,0.080,2.487
18608,5374,0.082,2.453
21872,4572,0.082,2.427
25696,3891,0.086,2.313
30192,3312,0.086,2.313
35472,2819,0.086,2.314
41680,2399,0.086,2.318
48976,2041,0.086,2.315
57536,1738,0.086,2.317
67600,1479,0.086,2.318
79424,1259,0.086,2.320
93312,1071,0.086,2.320
109632,912,0.086,2.315
128816,776,0.086,2.314
151344,660,0.086,2.315
177824,562,0.086,2.317
208928,478,0.087,2.307
245456,407,0.086,2.318
288400,346,0.087,2.286
338832,295,0.088,2.261
398096,251,0.095,2.109
467728,213,0.134,1.489
549536,181,0.181,1.102
645648,154,0.244,0.816
758576,131,0.256,0.777
891248,112,0.257,0.777
1047120,95,0.261,0.763
1230256,81,0.257,0.775
1445424,69,0.261,0.765
1698240,58,0.255,0.773
1995248,50,0.257,0.777
2344224,42,0.249,0.792
2754224,36,0.252,0.787
3235936,30,0.243,0.799
3801888,26,0.246,0.803
4466832,22,0.246,0.800
5248064,19,0.247,0.806
6165936,16,0.242,0.817
7244352,13,0.228,0.826
8511376,11,0.222,0.843
10000000,10,0.242,0.826
16,6250000,0.085,2.364
16,6250000,0.084,2.369
16,6250000,0.084,2.369
16,6250000,0.084,2.368
32,3125000,0.042,4.819
32,3125000,0.041,4.822
32,3125000,0.041,4.824
48,2083333,0.036,5.486
64,1562500,0.034,5.900
64,1562500,0.034,5.892
80,1250000,0.033,6.152
96,1041666,0.032,6.327
112,892857,0.031,6.453
144,694444,0.030,6.645
160,625000,0.030,6.712
192,520833,0.029,6.837
224,446428,0.029,6.925
272,367647,0.029,7.004
320,312500,0.028,7.068
384,260416,0.028,7.130
448,223214,0.028,7.162
528,189393,0.029,6.860
624,160256,0.029,6.955
736,135869,0.029,7.009
864,115740,0.028,7.039
1008,99206,0.040,5.045
1200,83333,0.028,7.130
1408,71022,0.032,6.286
1648,60679,0.049,4.065
1936,51652,0.051,3.909
2288,43706,0.051,3.959
2688,37202,0.048,4.158
3152,31725,0.047,4.219
3712,26939,0.048,4.188
4352,22977,0.050,3.984
5120,19531,0.049,4.053
6016,16622,0.048,4.182
7072,14140,0.050,4.024
8304,12042,0.049,4.063
9760,10245,0.054,3.737
11472,8716,0.060,3.332
13488,7413,0.074,2.685
15840,6313,0.078,2.549
18608,5374,0.087,2.303
21872,4572,0.088,2.283
25696,3891,0.088,2.280
30192,3312,0.088,2.285
35472,2819,0.088,2.284
41680,2399,0.088,2.284
48976,2041,0.087,2.285
57536,1738,0.087,2.287
67600,1479,0.088,2.284
79424,1259,0.088,2.284
93312,1071,0.088,2.280
109632,912,0.088,2.282
128816,776,0.087,2.287
151344,660,0.088,2.278
177824,562,0.087,2.286
208928,478,0.088,2.263
245456,407,0.088,2.263
288400,346,0.089,2.244
338832,295,0.092,2.171
398096,251,0.094,2.134
467728,213,0.101,1.976
549536,181,0.189,1.051
645648,154,0.239,0.833
758576,131,0.258,0.770
891248,112,0.256,0.779
1047120,95,0.256,0.778
1230256,81,0.256,0.778
1445424,69,0.255,0.781
1698240,58,0.253,0.779
1995248,50,0.254,0.784
2344224,42,0.249,0.790
2754224,36,0.251,0.790
3235936,30,0.245,0.794
3801888,26,0.248,0.796
4466832,22,0.245,0.802
5248064,19,0.249,0.801
6165936,16,0.245,0.804
7244352,13,0.234,0.806
8511376,11,0.228,0.821
10000000,10,0.247,0.808
16,6250000,0.085,2.366
16,6250000,0.084,2.369
16,6250000,0.085,2.367
16,6250000,0.084,2.369
32,3125000,0.041,4.820
32,3125000,0.041,4.822
32,3125000,0.042,4.811
48,2083333,0.036,5.481
64,1562500,0.034,5.898
64,1562500,0.034,5.888
80,1250000,0.032,6.154
96,1041666,0.032,6.329
112,892857,0.031,6.454
144,694444,0.031,6.362
160,625000,0.030,6.670
192,520833,0.029,6.842
224,446428,0.029,6.925
272,367647,0.029,6.997
320,312500,0.028,7.072
384,260416,0.028,7.129
448,223214,0.028,7.154
528,189393,0.029,6.862
624,160256,0.029,6.958
736,135869,0.029,7.007
864,115740,0.028,7.032
1008,99206,0.040,5.048
1200,83333,0.028,7.130
1408,71022,0.031,6.374
1648,60679,0.050,4.039
1936,51652,0.051,3.891
2288,43706,0.051,3.944
2688,37202,0.049,4.120
3152,31725,0.048,4.202
3712,26939,0.048,4.183
4352,22977,0.050,3.965
5120,19531,0.049,4.050
6016,16622,0.049,4.122
7072,14140,0.052,3.870
8304,12042,0.055,3.607
9760,10245,0.057,3.527
11472,8716,0.067,3.004
13488,7413,0.066,3.052
15840,6313,0.079,2.535
18608,5374,0.086,2.316
21872,4572,0.088,2.265
25696,3891,0.088,2.269
30192,3312,0.088,2.273
35472,2819,0.088,2.272
41680,2399,0.088,2.274
48976,2041,0.088,2.275
57536,1738,0.088,2.276
67600,1479,0.088,2.277
79424,1259,0.088,2.266
93312,1071,0.088,2.271
109632,912,0.088,2.273
128816,776,0.088,2.272
151344,660,0.088,2.266
177824,562,0.088,2.274
208928,478,0.089,2.255
245456,407,0.089,2.254
288400,346,0.089,2.238
338832,295,0.091,2.194
398096,251,0.098,2.048
467728,213,0.125,1.590
549536,181,0.208,0.955
645648,154,0.243,0.817
758576,131,0.257,0.772
891248,112,0.262,0.762
1047120,95,0.253,0.785
1230256,81,0.257,0.777
1445424,69,0.256,0.778
1698240,58,0.251,0.783
1995248,50,0.255,0.781
2344224,42,0.249,0.790
2754224,36,0.251,0.789
3235936,30,0.242,0.802
3801888,26,0.246,0.804
4466832,22,0.246,0.800
5248064,19,0.249,0.801
6165936,16,0.245,0.807
7244352,13,0.230,0.820
8511376,11,0.226,0.828
10000000,10,0.243,0.823
16,6250000,0.086,2.321
16,6250000,0.086,2.323
16,6250000,0.086,2.322
16,6250000,0.086,2.321
32,3125000,0.043,4.703
32,3125000,0.042,4.712
32,3125000,0.042,4.718
48,2083333,0.037,5.343
64,1562500,0.035,5.735
64,1562500,0.035,5.740
80,1250000,0.033,5.985
96,1041666,0.032,6.162
112,892857,0.032,6.275
144,694444,0.031,6.452
160,625000,0.031,6.512
192,520833,0.030,6.608
224,446428,0.030,6.684
272,367647,0.030,6.745
320,312500,0.029,6.793
384,260416,0.029,6.834
448,223214,0.029,6.853
528,189393,0.031,6.551
624,160256,0.030,6.592
736,135869,0.030,6.636
864,115740,0.030,6.629
1008,99206,0.042,4.749
1200,83333,0.030,6.721
1408,71022,0.034,5.930
1648,60679,0.050,3.972
1936,51652,0.052,3.839
2288,43706,0.052,3.874
2688,37202,0.049,4.070
3152,31725,0.048,4.144
3712,26939,0.048,4.128
4352,22977,0.051,3.905
5120,19531,0.050,3.978
6016,16622,0.049,4.075
7072,14140,0.049,4.052
8304,12042,0.053,3.802
9760,10245,0.055,3.668
11472,8716,0.068,2.959
13488,7413,0.076,2.620
15840,6313,0.092,2.175
18608,5374,0.090,2.227
21872,4572,0.094,2.132
25696,3891,0.092,2.185
30192,3312,0.091,2.197
35472,2819,0.092,2.181
41680,2399,0.093,2.160
48976,2041,0.093,2.141
57536,1738,0.094,2.136
67600,1479,0.093,2.158
79424,1259,0.093,2.146
93312,1071,0.092,2.174
109632,912,0.092,2.177
128816,776,0.092,2.166
151344,660,0.095,2.106
177824,562,0.094,2.125
208928,478,0.107,1.864
245456,407,0.319,0.626
288400,346,0.421,0.474
338832,295,0.437,0.458
398096,251,0.434,0.461
467728,213,0.435,0.458
549536,181,0.430,0.462
645648,154,0.446,0.446
758576,131,0.435,0.457
891248,112,0.424,0.470
1047120,95,0.461,0.431
1230256,81,0.432,0.461
1445424,69,0.424,0.470
1698240,58,0.441,0.447
1995248,50,0.455,0.439
2344224,42,0.427,0.461
2754224,36,0.417,0.476
3235936,30,0.443,0.438
3801888,26,0.429,0.461
4466832,22,0.451,0.436
5248064,19,0.440,0.453
6165936,16,0.445,0.443
7244352,13,0.425,0.443
8511376,11,0.430,0.435
10000000,10,0.450,0.445
16,6250000,0.080,2.490
16,6250000,0.081,2.480
16,6250000,0.080,2.488
16,6250000,0.081,2.482
32,3125000,0.038,5.270
32,3125000,0.038,5.254
32,3125000,0.038,5.250
48,2083333,0.033,6.007
64,1562500,0.031,6.434
64,1562500,0.031,6.459
80,1250000,0.030,6.723
96,1041666,0.029,6.912
112,892857,0.028,7.050
144,694444,0.028,7.034
160,625000,0.028,7.097
192,520833,0.028,7.239
224,446428,0.027,7.289
272,367647,0.027,7.387
320,312500,0.027,7.406
384,260416,0.027,7.528
448,223214,0.027,7.528
528,189393,0.027,7.338
624,160256,0.026,7.554
736,135869,0.026,7.609
864,115740,0.026,7.678
1008,99206,0.036,5.519
1200,83333,0.026,7.792
1408,71022,0.029,6.895
1648,60679,0.046,4.318
1936,51652,0.047,4.257
2288,43706,0.047,4.277
2688,37202,0.045,4.484
3152,31725,0.044,4.547
3712,26939,0.045,4.493
4352,22977,0.047,4.296
5120,19531,0.046,4.379
6016,16622,0.044,4.526
7072,14140,0.044,4.525
8304,12042,0.047,4.241
9760,10245,0.056,3.556
11472,8716,0.058,3.455
13488,7413,0.068,2.923
15840,6313,0.076,2.635
18608,5374,0.081,2.456
21872,4572,0.081,2.455
25696,3891,0.083,2.407
30192,3312,0.084,2.394
35472,2819,0.084,2.389
41680,2399,0.083,2.399
48976,2041,0.083,2.398
57536,1738,0.083,2.407
67600,1479,0.084,2.384
79424,1259,0.083,2.408
93312,1071,0.083,2.408
109632,912,0.083,2.401
128816,776,0.083,2.406
151344,660,0.083,2.398
177824,562,0.084,2.379
208928,478,0.084,2.386
245456,407,0.083,2.397
288400,346,0.082,2.424
338832,295,0.081,2.460
398096,251,0.081,2.462
467728,213,0.082,2.437
549536,181,0.081,2.450
645648,154,0.082,2.435
758576,131,0.085,2.338
891248,112,0.097,2.056
1047120,95,0.103,1.923
1230256,81,0.110,1.810
1445424,69,0.136,1.468
1698240,58,0.171,1.150
1995248,50,0.203,0.984
2344224,42,0.213,0.925
2754224,36,0.219,0.905
3235936,30,0.219,0.887
3801888,26,0.223,0.888
4466832,22,0.216,0.910
5248064,19,0.222,0.900
6165936,16,0.222,0.890
7244352,13,0.211,0.892
8511376,11,0.218,0.860
10000000,10,0.226,0.885
16,6250000,0.085,2.366
16,6250000,0.084,2.367
16,6250000,0.084,2.369
16,6250000,0.084,2.370
32,3125000,0.041,4.820
32,3125000,0.041,4.822
32,3125000,0.041,4.822
48,2083333,0.037,5.475
64,1562500,0.034,5.889
64,1562500,0.034,5.888
80,1250000,0.033,6.146
96,1041666,0.032,6.321
112,892857,0.031,6.452
144,694444,0.030,6.644
160,625000,0.030,6.708
192,520833,0.029,6.829
224,446428,0.029,6.908
272,367647,0.029,6.992
320,312500,0.028,7.056
384,260416,0.028,7.091
448,223214,0.028,7.157
528,189393,0.029,6.842
624,160256,0.029,6.937
736,135869,0.029,7.007
864,115740,0.028,7.068
1008,99206,0.039,5.068
1200,83333,0.028,7.150
1408,71022,0.032,6.338
1648,60679,0.050,4.013
1936,51652,0.051,3.931
2288,43706,0.050,3.961
2688,37202,0.048,4.128
3152,31725,0.047,4.223
3712,26939,0.048,4.179
4352,22977,0.050,3.989
5120,19531,0.049,4.041
6016,16622,0.049,4.115
7072,14140,0.052,3.859
8304,12042,0.053,3.768
9760,10245,0.056,3.552
11472,8716,0.061,3.295
13488,7413,0.075,2.674
15840,6313,0.078,2.563
18608,5374,0.082,2.447
21872,4572,0.085,2.345
25696,3891,0.085,2.342
30192,3312,0.085,2.346
35472,2819,0.085,2.342
41680,2399,0.085,2.343
48976,2041,0.085,2.342
57536,1738,0.085,2.344
67600,1479,0.085,2.346
79424,1259,0.085,2.345
93312,1071,0.085,2.346
109632,912,0.085,2.345
128816,776,0.085,2.347
151344,660,0.085,2.345
177824,562,0.085,2.348
208928,478,0.085,2.347
245456,407,0.085,2.340
288400,346,0.085,2.348
338832,295,0.085,2.343
398096,251,0.085,2.343
467728,213,0.085,2.336
549536,181,0.085,2.328
645648,154,0.086,2.312
758576,131,0.088,2.256
891248,112,0.098,2.030
1047120,95,0.144,1.377
1230256,81,0.209,0.954
1445424,69,0.225,0.888
1698240,58,0.227,0.868
1995248,50,0.230,0.868
2344224,42,0.230,0.858
2754224,36,0.230,0.861
3235936,30,0.226,0.857
3801888,26,0.230,0.861
4466832,22,0.228,0.863
5248064,19,0.231,0.865
6165936,16,0.232,0.852
7244352,13,0.217,0.866
8511376,11,0.216,0.866
10000000,10,0.232,0.861
16,6250000,0.082,2.437
16,6250000,0.083,2.413
16,6250000,0.083,2.422
16,6250000,0.082,2.437
32,3125000,0.039,5.145
32,3125000,0.039,5.153
32,3125000,0.039,5.124
48,2083333,0.034,5.874
64,1562500,0.032,6.311
64,1562500,0.032,6.319
80,1250000,0.030,6.584
96,1041666,0.029,6.783
112,892857,0.031,6.544
144,694444,0.028,7.048
160,625000,0.028,7.192
192,520833,0.027,7.317
224,446428,0.027,7.407
272,367647,0.027,7.487
320,312500,0.026,7.554
384,260416,0.026,7.633
448,223214,0.026,7.659
528,189393,0.027,7.332
624,160256,0.027,7.443
736,135869,0.027,7.365
864,115740,0.027,7.525
1008,99206,0.037,5.439
1200,83333,0.026,7.674
1408,71022,0.029,6.864
1648,60679,0.046,4.321
1936,51652,0.048,4.188
2288,43706,0.047,4.249
2688,37202,0.045,4.441
3152,31725,0.044,4.500
3712,26939,0.045,4.452
4352,22977,0.048,4.131
5120,19531,0.049,4.108
6016,16622,0.047,4.301
7072,14140,0.046,4.328
8304,12042,0.046,4.364
9760,10245,0.055,3.651
11472,8716,0.060,3.325
13488,7413,0.064,3.107
15840,6313,0.069,2.879
18608,5374,0.077,2.591
21872,4572,0.082,2.434
25696,3891,0.082,2.428
30192,3312,0.082,2.431
35472,2819,0.083,2.424
41680,2399,0.082,2.429
48976,2041,0.082,2.432
57536,1738,0.082,2.435
67600,1479,0.082,2.434
79424,1259,0.082,2.435
93312,1071,0.082,2.437
109632,912,0.082,2.437
128816,776,0.082,2.438
151344,660,0.082,2.440
177824,562,0.082,2.437
208928,478,0.083,2.409
245456,407,0.084,2.386
288400,346,0.083,2.397
338832,295,0.082,2.424
398096,251,0.084,2.369
467728,213,0.092,2.158
549536,181,0.090,2.203
645648,154,0.128,1.556
758576,131,0.197,1.011
891248,112,0.219,0.910
1047120,95,0.226,0.882
1230256,81,0.226,0.881
1445424,69,0.229,0.871
1698240,58,0.226,0.870
1995248,50,0.227,0.879
2344224,42,0.227,0.867
2754224,36,0.226,0.879
3235936,30,0.223,0.872
3801888,26,0.227,0.870
4466832,22,0.221,0.888
5248064,19,0.224,0.889
6165936,16,0.221,0.892
7244352,13,0.212,0.890
8511376,11,0.211,0.888
10000000,10,0.224,0.892
16,6250000,0.082,2.443
16,6250000,0.083,2.406
16,6250000,0.082,2.425
16,6250000,0.082,2.438
32,3125000,0.039,5.150
32,3125000,0.039,5.121
32,3125000,0.039,5.164
48,2083333,0.034,5.863
64,1562500,0.032,6.318
64,1562500,0.032,6.307
80,1250000,0.030,6.589
96,1041666,0.030,6.770
112,892857,0.029,6.908
144,694444,0.028,7.117
160,625000,0.028,7.179
192,520833,0.027,7.322
224,446428,0.027,7.352
272,367647,0.027,7.498
320,312500,0.026,7.555
384,260416,0.026,7.632
448,223214,0.026,7.637
528,189393,0.027,7.338
624,160256,0.027,7.301
736,135869,0.027,7.466
864,115740,0.026,7.585
1008,99206,0.037,5.436
1200,83333,0.026,7.681
1408,71022,0.029,6.798
1648,60679,0.046,4.317
1936,51652,0.048,4.167
2288,43706,0.047,4.243
2688,37202,0.045,4.427
3152,31725,0.044,4.496
3712,26939,0.045,4.483
4352,22977,0.047,4.260
5120,19531,0.046,4.363
6016,16622,0.045,4.491
7072,14140,0.046,4.391
8304,12042,0.047,4.248
9760,10245,0.046,4.385
11472,8716,0.052,3.838
13488,7413,0.065,3.094
15840,6313,0.079,2.523
18608,5374,0.081,2.484
21872,4572,0.082,2.452
25696,3891,0.082,2.445
30192,3312,0.082,2.448
35472,2819,0.082,2.439
41680,2399,0.082,2.448
48976,2041,0.082,2.448
57536,1738,0.081,2.455
67600,1479,0.082,2.453
79424,1259,0.082,2.450
93312,1071,0.081,2.455
109632,912,0.081,2.454
128816,776,0.081,2.455
151344,660,0.081,2.456
177824,562,0.081,2.454
208928,478,0.082,2.426
245456,407,0.083,2.400
288400,346,0.083,2.413
338832,295,0.082,2.443
398096,251,0.084,2.379
467728,213,0.094,2.123
549536,181,0.116,1.711
645648,154,0.143,1.392
758576,131,0.180,1.104
891248,112,0.219,0.912
1047120,95,0.229,0.868
1230256,81,0.227,0.877
1445424,69,0.230,0.867
1698240,58,0.226,0.873
1995248,50,0.229,0.873
2344224,42,0.227,0.867
2754224,36,0.226,0.876
3235936,30,0.222,0.874
3801888,26,0.230,0.861
4466832,22,0.225,0.875
5248064,19,0.228,0.875
6165936,16,0.223,0.884
7244352,13,0.214,0.878
8511376,11,0.213,0.878
10000000,10,0.227,0.879
16,6250000,0.082,2.443
16,6250000,0.083,2.400
16,6250000,0.082,2.428
16,6250000,0.082,2.435
32,3125000,0.039,5.151
32,3125000,0.039,5.130
32,3125000,0.039,5.158
48,2083333,0.034,5.870
64,1562500,0.032,6.316
64,1562500,0.032,6.309
80,1250000,0.030,6.585
96,1041666,0.030,6.772
112,892857,0.029,6.900
144,694444,0.028,7.124
160,625000,0.028,7.181
192,520833,0.027,7.309
224,446428,0.027,7.414
272,367647,0.027,7.379
320,312500,0.026,7.569
384,260416,0.026,7.609
448,223214,0.026,7.661
528,189393,0.027,7.317
624,160256,0.027,7.309
736,135869,0.027,7.475
864,115740,0.026,7.585
1008,99206,0.037,5.435
1200,83333,0.026,7.676
1408,71022,0.029,6.800
1648,60679,0.046,4.305
1936,51652,0.048,4.179
2288,43706,0.047,4.237
2688,37202,0.045,4.451
3152,31725,0.045,4.492
3712,26939,0.045,4.489
4352,22977,0.047,4.251
5120,19531,0.046,4.325
6016,16622,0.045,4.477
7072,14140,0.045,4.448
8304,12042,0.044,4.502
9760,10245,0.046,4.361
11472,8716,0.052,3.882
13488,7413,0.062,3.234
15840,6313,0.075,2.680
18608,5374,0.077,2.581
21872,4572,0.081,2.472
25696,3891,0.083,2.414
30192,3312,0.083,2.414
35472,2819,0.083,2.404
41680,2399,0.083,2.413
48976,2041,0.083,2.412
57536,1738,0.083,2.418
67600,1479,0.083,2.416
79424,1259,0.083,2.415
93312,1071,0.083,2.419
109632,912,0.083,2.420
128816,776,0.083,2.419
151344,660,0.083,2.419
177824,562,0.083,2.421
208928,478,0.084,2.384
245456,407,0.084,2.369
288400,346,0.084,2.389
338832,295,0.083,2.406
398096,251,0.087,2.288
467728,213,0.101,1.976
549536,181,0.118,1.682
645648,154,0.149,1.333
758576,131,0.191,1.040
891248,112,0.217,0.918
1047120,95,0.225,0.886
1230256,81,0.227,0.880
1445424,69,0.231,0.865
1698240,58,0.224,0.879
1995248,50,0.227,0.878
2344224,42,0.227,0.868
2754224,36,0.226,0.877
3235936,30,0.222,0.875
3801888,26,0.228,0.865
4466832,22,0.224,0.878
5248064,19,0.226,0.882
6165936,16,0.223,0.884
7244352,13,0.214,0.880
8511376,11,0.213,0.880
10000000,10,0.226,0.883
16,6250000,0.085,2.366
16,6250000,0.084,2.368
16,6250000,0.085,2.363
16,6250000,0.084,2.369
32,3125000,0.041,4.821
32,3125000,0.041,4.823
32,3125000,0.041,4.824
48,2083333,0.036,5.485
64,1562500,0.034,5.897
64,1562500,0.034,5.899
80,1250000,0.033,6.153
96,1041666,0.032,6.330
112,892857,0.031,6.455
144,694444,0.030,6.648
160,625000,0.030,6.709
192,520833,0.029,6.841
224,446428,0.029,6.920
272,367647,0.029,6.997
320,312500,0.028,7.064
384,260416,0.028,7.123
448,223214,0.028,7.146
528,189393,0.029,6.863
624,160256,0.029,6.953
736,135869,0.028,7.018
864,115740,0.028,7.075
1008,99206,0.039,5.072
1200,83333,0.028,7.173
1408,71022,0.032,6.334
1648,60679,0.050,4.037
1936,51652,0.051,3.901
2288,43706,0.051,3.932
2688,37202,0.048,4.138
3152,31725,0.048,4.193
3712,26939,0.048,4.182
4352,22977,0.051,3.959
5120,19531,0.050,4.025
6016,16622,0.049,4.061
7072,14140,0.054,3.714
8304,12042,0.056,3.584
9760,10245,0.055,3.631
11472,8716,0.057,3.530
13488,7413,0.064,3.134
15840,6313,0.078,2.572
18608,5374,0.083,2.402
21872,4572,0.085,2.356
25696,3891,0.085,2.355
30192,3312,0.085,2.356
35472,2819,0.085,2.353
41680,2399,0.085,2.354
48976,2041,0.085,2.355
57536,1738,0.085,2.354
67600,1479,0.085,2.355
79424,1259,0.085,2.356
93312,1071,0.085,2.356
109632,912,0.085,2.356
128816,776,0.085,2.356
151344,660,0.085,2.357
177824,562,0.085,2.357
208928,478,0.085,2.358
245456,407,0.085,2.358
288400,346,0.085,2.358
338832,295,0.085,2.357
398096,251,0.085,2.356
467728,213,0.085,2.336
549536,181,0.093,2.131
645648,154,0.122,1.629
758576,131,0.179,1.112
891248,112,0.225,0.887
1047120,95,0.234,0.851
1230256,81,0.238,0.836
1445424,69,0.242,0.823
1698240,58,0.238,0.828
1995248,50,0.240,0.830
2344224,42,0.239,0.825
2754224,36,0.237,0.838
3235936,30,0.229,0.847
3801888,26,0.235,0.843
4466832,22,0.235,0.837
5248064,19,0.235,0.849
6165936,16,0.231,0.854
7244352,13,0.220,0.857
8511376,11,0.214,0.876
10000000,10,0.228,0.877
16,6250000,0.084,2.367
16,6250000,0.084,2.368
16,6250000,0.084,2.368
16,6250000,0.085,2.366
32,3125000,0.041,4.821
32,3125000,0.041,4.824
32,3125000,0.041,4.823
48,2083333,0.036,5.486
64,1562500,0.034,5.900
64,1562500,0.034,5.902
80,1250000,0.032,6.155
96,1041666,0.034,5.927
112,892857,0.031,6.386
144,694444,0.030,6.651
160,625000,0.030,6.710
192,520833,0.029,6.842
224,446428,0.029,6.921
272,367647,0.029,6.996
320,312500,0.028,7.067
384,260416,0.028,7.125
448,223214,0.028,7.166
528,189393,0.029,6.865
624,160256,0.029,6.949
736,135869,0.028,7.018
864,115740,0.028,7.077
1008,99206,0.039,5.076
1200,83333,0.028,7.173
1408,71022,0.031,6.416
1648,60679,0.049,4.045
1936,51652,0.051,3.918
2288,43706,0.051,3.940
2688,37202,0.048,4.133
3152,31725,0.047,4.217
3712,26939,0.048,4.181
4352,22977,0.050,3.966
5120,19531,0.049,4.052
6016,16622,0.050,3.988
7072,14140,0.054,3.724
8304,12042,0.053,3.779
9760,10245,0.054,3.726
11472,8716,0.058,3.475
13488,7413,0.062,3.222
15840,6313,0.079,2.543
18608,5374,0.083,2.397
21872,4572,0.087,2.295
25696,3891,0.087,2.296
30192,3312,0.087,2.300
35472,2819,0.087,2.298
41680,2399,0.087,2.299
48976,2041,0.087,2.298
57536,1738,0.087,2.298
67600,1479,0.087,2.299
79424,1259,0.087,2.300
93312,1071,0.087,2.302
109632,912,0.087,2.302
128816,776,0.087,2.302
151344,660,0.087,2.302
177824,562,0.087,2.302
208928,478,0.087,2.305
245456,407,0.087,2.306
288400,346,0.087,2.301
338832,295,0.087,2.299
398096,251,0.088,2.272
467728,213,0.092,2.175
549536,181,0.094,2.125
645648,154,0.110,1.810
758576,131,0.205,0.968
891248,112,0.232,0.862
1047120,95,0.238,0.837
1230256,81,0.233,0.857
1445424,69,0.241,0.828
1698240,58,0.238,0.829
1995248,50,0.244,0.819
2344224,42,0.235,0.839
2754224,36,0.239,0.831
3235936,30,0.232,0.835
3801888,26,0.238,0.830
4466832,22,0.235,0.835
5248064,19,0.238,0.840
6165936,16,0.235,0.841
7244352,13,0.222,0.847
8511376,11,0.219,0.856
10000000,10,0.232,0.861
16,6250000,0.084,2.367
16,6250000,0.084,2.370
16,6250000,0.084,2.369
16,6250000,0.084,2.367
32,3125000,0.041,4.820
32,3125000,0.041,4.823
32,3125000,0.041,4.823
48,2083333,0.036,5.489
64,1562500,0.034,5.903
64,1562500,0.034,5.901
80,1250000,0.033,6.151
96,1041666,0.032,6.333
112,892857,0.031,6.453
144,694444,0.030,6.651
160,625000,0.031,6.439
192,520833,0.029,6.791
224,446428,0.029,6.923
272,367647,0.029,6.999
320,312500,0.028,7.065
384,260416,0.028,7.123
448,223214,0.028,7.162
528,189393,0.029,6.856
624,160256,0.029,6.952
736,135869,0.029,7.017
864,115740,0.028,7.075
1008,99206,0.039,5.077
1200,83333,0.028,7.172
1408,71022,0.031,6.391
1648,60679,0.050,4.020
1936,51652,0.051,3.887
2288,43706,0.051,3.955
2688,37202,0.049,4.111
3152,31725,0.048,4.184
3712,26939,0.048,4.147
4352,22977,0.051,3.955
5120,19531,0.051,3.934
6016,16622,0.051,3.892
7072,14140,0.054,3.714
8304,12042,0.058,3.449
9760,10245,0.060,3.322
11472,8716,0.066,3.017
13488,7413,0.066,3.016
15840,6313,0.078,2.576
18608,5374,0.084,2.376
21872,4572,0.088,2.281
25696,3891,0.088,2.282
30192,3312,0.088,2.283
35472,2819,0.088,2.283
41680,2399,0.088,2.283
48976,2041,0.088,2.284
57536,1738,0.088,2.282
67600,1479,0.088,2.285
79424,1259,0.087,2.286
93312,1071,0.087,2.287
109632,912,0.087,2.286
128816,776,0.087,2.288
151344,660,0.087,2.288
177824,562,0.087,2.288
208928,478,0.087,2.289
245456,407,0.087,2.290
288400,346,0.087,2.288
338832,295,0.088,2.282
398096,251,0.088,2.265
467728,213,0.091,2.184
549536,181,0.100,1.996
645648,154,0.117,1.702
758576,131,0.189,1.051
891248,112,0.212,0.941
1047120,95,0.233,0.853
1230256,81,0.241,0.828
1445424,69,0.244,0.817
1698240,58,0.240,0.821
1995248,50,0.244,0.818
2344224,42,0.237,0.832
2754224,36,0.240,0.827
3235936,30,0.234,0.831
3801888,26,0.239,0.828
4466832,22,0.237,0.830
5248064,19,0.239,0.834
6165936,16,0.236,0.837
7244352,13,0.225,0.836
8511376,11,0.219,0.856
10000000,10,0.233,0.858
